Date,Open,High,Low,Close,Adj Close,Volume
2024-06-24,207.72000122070312,212.6999969482422,206.58999633789062,208.13999938964844,207.89935302734375,80727000
2024-06-25,209.14999389648438,211.3800048828125,208.61000061035156,209.07000732421875,208.8282928466797,56713900
2024-06-26,211.5,214.86000061035156,210.63999938964844,213.25,213.00344848632812,66213200
2024-06-27,214.69000244140625,215.74000549316406,212.35000610351562,214.10000610351562,213.85247802734375,49772700
2024-06-28,215.77000427246094,216.07000732421875,210.3000030517578,210.6199951171875,210.37648010253906,82542700
2024-07-01,212.08999633789062,217.50999450683594,211.9199981689453,216.75,216.49940490722656,60402900
2024-07-02,216.14999389648438,220.3800048828125,215.10000610351562,220.27000427246094,220.0153350830078,58046200
2024-07-03,220.0,221.5500030517578,219.02999877929688,221.5500030517578,221.29385375976562,37369800
2024-07-05,221.64999389648438,226.4499969482422,221.64999389648438,226.33999633789062,226.07830810546875,60412400
2024-07-08,227.08999633789062,227.85000610351562,223.25,227.82000732421875,227.55661010742188,59085900
2024-07-09,227.92999267578125,229.39999389648438,226.3699951171875,228.67999267578125,228.4156036376953,48076100
2024-07-10,229.3000030517578,233.0800018310547,229.25,232.97999572753906,232.71063232421875,62627700
2024-07-11,231.38999938964844,232.38999938964844,225.77000427246094,227.57000732421875,227.30690002441406,64710600
2024-07-12,228.9199981689453,232.63999938964844,228.67999267578125,230.5399932861328,230.27345275878906,53046500
2024-07-15,236.47999572753906,237.22999572753906,233.08999633789062,234.39999389648438,234.12899780273438,62631300
2024-07-16,235.0,236.27000427246094,232.3300018310547,234.82000732421875,234.54852294921875,43234300
2024-07-17,229.4499969482422,231.4600067138672,226.63999938964844,228.8800048828125,228.61538696289062,57345900
2024-07-18,230.27999877929688,230.44000244140625,222.27000427246094,224.17999267578125,223.92080688476562,66034600
2024-07-19,224.82000732421875,226.8000030517578,223.27999877929688,224.30999755859375,224.0506591796875,49151500
2024-07-22,227.00999450683594,227.77999877929688,223.08999633789062,223.9600067138672,223.70108032226562,48201800
2024-07-23,224.3699951171875,226.94000244140625,222.67999267578125,225.00999450683594,224.74984741210938,39960300
2024-07-24,224.0,224.8000030517578,217.1300048828125,218.5399932861328,218.28732299804688,61777600
2024-07-25,218.92999267578125,220.85000610351562,214.6199951171875,217.49000549316406,217.23855590820312,51391200
2024-07-26,218.6999969482422,219.49000549316406,216.00999450683594,217.9600067138672,217.7080078125,41601300
2024-07-29,216.9600067138672,219.3000030517578,215.75,218.24000549316406,217.98768615722656,36311800
2024-07-30,219.19000244140625,220.3300018310547,216.1199951171875,218.8000030517578,218.5470428466797,41643800
2024-07-31,221.44000244140625,223.82000732421875,220.6300048828125,222.0800018310547,221.8232421875,50036300
2024-08-01,224.3699951171875,224.47999572753906,217.02000427246094,218.36000061035156,218.1075439453125,62501000
2024-08-02,219.14999389648438,225.60000610351562,217.7100067138672,219.86000061035156,219.60580444335938,105568600
2024-08-05,199.08999633789062,213.5,196.0,209.27000427246094,209.02806091308594,119548600
2024-08-06,205.3000030517578,209.99000549316406,201.07000732421875,207.22999572753906,206.9904022216797,69660500
2024-08-07,206.89999389648438,213.63999938964844,206.38999938964844,209.82000732421875,209.57742309570312,63516400
2024-08-08,213.11000061035156,214.1999969482422,208.8300018310547,213.30999755859375,213.06338500976562,47161100
