Datetime,Open,High,Low,Close,Adj Close,Volume
2024-03-01 10:30:00,510.364990234375,511.3800048828125,509.69000244140625,510.82000732421875,510.82000732421875,8962537
2024-03-01 11:30:00,510.82000732421875,511.7699890136719,510.1600036621094,511.5299987792969,511.5299987792969,6472933
2024-03-01 12:30:00,511.5400085449219,512.239990234375,511.4100036621094,512.1300048828125,512.1300048828125,5978809
2024-03-01 13:30:00,512.1286010742188,513.1749877929688,511.9800109863281,513.155029296875,513.155029296875,7340127
2024-03-01 14:30:00,513.155029296875,513.2899780273438,512.3150024414062,512.8900146484375,512.8900146484375,8753456
2024-03-01 15:30:00,512.8900146484375,513.1400146484375,512.5900268554688,512.8499755859375,512.8499755859375,10811283
2024-03-04 09:30:00,512.030029296875,512.6400146484375,512.0,512.489990234375,512.489990234375,8440135
2024-03-04 10:30:00,512.489990234375,512.8800048828125,512.239990234375,512.4400024414062,512.4400024414062,4775807
2024-03-04 11:30:00,512.4500122070312,513.14501953125,512.1599731445312,513.1300048828125,513.1300048828125,3555978
2024-03-04 12:30:00,513.1199951171875,513.1799926757812,512.3499755859375,512.6199951171875,512.6199951171875,3575925
2024-03-04 13:30:00,512.5999755859375,513.02001953125,512.5599975585938,512.9199829101562,512.9199829101562,3935158
2024-03-04 14:30:00,512.9149780273438,514.2000122070312,512.8599853515625,513.5288696289062,513.5288696289062,8797541
2024-03-04 15:30:00,513.530029296875,513.6699829101562,512.1699829101562,512.25,512.25,10732431
2024-03-05 09:30:00,510.239990234375,510.70001220703125,508.1099853515625,508.4200134277344,508.4200134277344,12896435
2024-03-05 10:30:00,508.4100036621094,508.4100036621094,507.5,508.17999267578125,508.17999267578125,10035923
2024-03-05 11:30:00,508.1600036621094,508.510009765625,506.9599914550781,508.45001220703125,508.45001220703125,6338552
2024-03-05 12:30:00,508.4599914550781,508.5,507.3601989746094,507.70001220703125,507.70001220703125,4445802
2024-03-05 13:30:00,507.70001220703125,508.1000061035156,506.6499938964844,507.0299987792969,507.0299987792969,6812785
2024-03-05 14:30:00,507.0299987792969,507.04998779296875,504.9200134277344,505.010009765625,505.010009765625,13097568
2024-03-05 15:30:00,505.010009765625,507.3699951171875,504.9100036621094,507.1400146484375,507.1400146484375,13629429
2024-03-06 09:30:00,510.54998779296875,510.85040283203125,508.4200134277344,509.3599853515625,509.3599853515625,11606429
2024-03-06 10:30:00,509.3500061035156,511.3800048828125,509.0400085449219,511.3399963378906,511.3399963378906,6145570
2024-03-06 11:30:00,511.3500061035156,511.9200134277344,510.510009765625,511.760009765625,511.760009765625,7189481
2024-03-06 12:30:00,511.7699890136719,512.0689697265625,511.04998779296875,511.8599853515625,511.8599853515625,4538810
2024-03-06 13:30:00,511.8699951171875,511.9200134277344,508.5199890136719,510.1700134277344,510.1700134277344,12042514
2024-03-06 14:30:00,510.17999267578125,510.4100036621094,508.57000732421875,509.1700134277344,509.1700134277344,7588163
2024-03-06 15:30:00,509.17999267578125,510.2699890136719,508.57000732421875,509.80999755859375,509.80999755859375,12133047
2024-03-07 09:30:00,513.1400146484375,514.1900024414062,512.1799926757812,514.1799926757812,514.1799926757812,11364023
2024-03-07 10:30:00,514.1799926757812,514.8699951171875,513.8099975585938,514.4249877929688,514.4249877929688,7414834
2024-03-07 11:30:00,514.4199829101562,514.9600219726562,513.77001953125,514.4600219726562,514.4600219726562,6936774
2024-03-07 12:30:00,514.4600219726562,514.989990234375,514.02001953125,514.97998046875,514.97998046875,4961528
2024-03-07 13:30:00,514.989990234375,515.8900146484375,514.8300170898438,515.219970703125,515.219970703125,6994872
2024-03-07 14:30:00,515.2150268554688,515.4000244140625,514.0700073242188,514.5999755859375,514.5999755859375,5844445
2024-03-07 15:30:00,514.6099853515625,515.6500244140625,514.5499877929688,514.8599853515625,514.8599853515625,9228759
2024-03-08 09:30:00,515.4400024414062,518.2200927734375,515.3099975585938,517.9500122070312,517.9500122070312,12158548
2024-03-08 10:30:00,517.9600219726562,518.0722045898438,514.6300048828125,514.760009765625,514.760009765625,12319147
2024-03-08 11:30:00,514.75,515.280029296875,513.5700073242188,514.6300048828125,514.6300048828125,11839572
2024-03-08 12:30:00,514.6400146484375,514.8400268554688,512.0599975585938,512.3300170898438,512.3300170898438,10341053
2024-03-08 13:30:00,512.4400024414062,513.7000122070312,511.1300048828125,513.4600219726562,513.4600219726562,10139821
2024-03-08 14:30:00,513.4600219726562,514.4600219726562,511.92999267578125,511.92999267578125,511.92999267578125,9164337
2024-03-08 15:30:00,511.92999267578125,512.8200073242188,511.7200012207031,511.760009765625,511.760009765625,9928839
2024-03-11 09:30:00,510.4800109863281,510.94000244140625,508.5,508.9949951171875,508.9949951171875,12671718
2024-03-11 10:30:00,508.989990234375,510.8699951171875,508.95001220703125,509.489990234375,509.489990234375,7556095
2024-03-11 11:30:00,509.4800109863281,510.8949890136719,509.20001220703125,510.5456848144531,510.5456848144531,5671033
2024-03-11 12:30:00,510.54998779296875,511.3399963378906,510.20001220703125,511.239990234375,511.239990234375,5859440
2024-03-11 13:30:00,511.239990234375,511.57000732421875,510.30999755859375,511.19000244140625,511.19000244140625,4744917
2024-03-11 14:30:00,511.25,511.8800048828125,510.82000732421875,510.8699951171875,510.8699951171875,5602770
2024-03-11 15:30:00,510.875,511.6000061035156,510.5400085449219,511.25,511.25,9869765
2024-03-12 09:30:00,513.4500122070312,515.1099853515625,510.8599853515625,515.030029296875,515.030029296875,18973186
2024-03-12 10:30:00,515.0599975585938,516.5349731445312,515.052001953125,516.1799926757812,516.1799926757812,9780277
2024-03-12 11:30:00,516.1799926757812,516.2999877929688,514.9400024414062,515.0900268554688,515.0900268554688,6707929
2024-03-12 12:30:00,515.094970703125,515.4299926757812,513.5499877929688,514.9182739257812,514.9182739257812,7135986
2024-03-12 13:30:00,514.9298706054688,516.4500122070312,514.8900146484375,516.430419921875,516.430419921875,5242768
2024-03-12 14:30:00,516.4400024414062,517.2000122070312,515.5800170898438,517.1099853515625,517.1099853515625,8040037
2024-03-12 15:30:00,517.1199951171875,517.3800048828125,516.5250244140625,516.8099975585938,516.8099975585938,9110212
2024-03-13 09:30:00,517.1099853515625,517.1199951171875,515.6699829101562,516.4249877929688,516.4249877929688,9785853
2024-03-13 10:30:00,516.510009765625,516.780029296875,515.8300170898438,516.059814453125,516.059814453125,5859802
2024-03-13 11:30:00,516.0599975585938,516.5811767578125,515.8300170898438,516.280029296875,516.280029296875,4338473
2024-03-13 12:30:00,516.3800048828125,517.2100830078125,516.0800170898438,517.14501953125,517.14501953125,5245044
2024-03-13 13:30:00,517.1300048828125,517.2899780273438,516.6599731445312,516.8499755859375,516.8499755859375,4141016
2024-03-13 14:30:00,516.8496704101562,517.0449829101562,514.489990234375,515.1199951171875,515.1199951171875,8362260
2024-03-13 15:30:00,515.1400146484375,516.3098754882812,515.030029296875,515.989990234375,515.989990234375,10364731
2024-03-14 09:30:00,516.969970703125,517.125,513.3499755859375,515.0501098632812,515.0501098632812,18983550
2024-03-14 10:30:00,515.0599975585938,515.6099853515625,514.0599975585938,514.3900146484375,514.3900146484375,9886669
2024-03-14 11:30:00,514.3900146484375,515.1500244140625,513.8400268554688,514.7000122070312,514.7000122070312,7828454
2024-03-14 12:30:00,514.7100219726562,514.97998046875,513.0499877929688,513.1799926757812,513.1799926757812,6946680
2024-03-14 13:30:00,513.1900024414062,515.1900024414062,512.760009765625,514.655029296875,514.655029296875,8213593
2024-03-14 14:30:00,514.6699829101562,514.8900146484375,512.1799926757812,512.6300048828125,512.6300048828125,13944263
2024-03-14 15:30:00,512.5399780273438,514.97998046875,511.82000732421875,514.9400024414062,514.9400024414062,25696862
2024-03-15 09:30:00,510.2099914550781,511.3299865722656,508.8699951171875,510.4200134277344,510.4200134277344,19385833
2024-03-15 10:30:00,510.4100036621094,511.70001220703125,510.1199951171875,510.70001220703125,510.70001220703125,23012664
2024-03-15 11:30:00,510.70001220703125,510.8349914550781,508.92999267578125,509.1700134277344,509.1700134277344,9275217
2024-03-15 12:30:00,509.1600036621094,509.7799987792969,508.3599853515625,509.32000732421875,509.32000732421875,9445306
2024-03-15 13:30:00,509.3299865722656,510.1199951171875,509.0400085449219,509.5398864746094,509.5398864746094,7625037
2024-03-15 14:30:00,509.5400085449219,510.5450134277344,509.4700012207031,510.1400146484375,510.1400146484375,8305604
2024-03-15 15:30:00,510.1300048828125,510.2112121582031,509.2200012207031,509.75,509.75,14808853
2024-03-18 09:30:00,514.0,515.47998046875,513.260009765625,515.1799926757812,515.1799926757812,14503217
2024-03-18 10:30:00,515.1799926757812,515.260009765625,514.2550048828125,514.6799926757812,514.6799926757812,6763233
2024-03-18 11:30:00,514.6900024414062,514.7050170898438,513.7999877929688,514.1699829101562,514.1699829101562,5567930
2024-03-18 12:30:00,514.1799926757812,514.2899780273438,513.4099731445312,514.2000122070312,514.2000122070312,4796952
2024-03-18 13:30:00,514.2100219726562,514.3800048828125,513.2901000976562,514.3402099609375,514.3402099609375,6278000
2024-03-18 14:30:00,514.344970703125,514.4000244140625,513.2100219726562,513.85498046875,513.85498046875,6166196
2024-03-18 15:30:00,513.8599853515625,514.1199951171875,512.4400024414062,512.8699951171875,512.8699951171875,21322057
2024-03-19 09:30:00,512.1500244140625,512.1599731445312,511.1199951171875,511.4591064453125,511.4591064453125,9140516
2024-03-19 10:30:00,511.45001220703125,512.77001953125,511.347900390625,512.6749877929688,512.6749877929688,5561794
2024-03-19 11:30:00,512.6799926757812,514.114990234375,512.6799926757812,513.9901123046875,513.9901123046875,6447295
2024-03-19 12:30:00,514.0,515.4500122070312,514.0,514.8499755859375,514.8499755859375,9193706
2024-03-19 13:30:00,514.8599853515625,515.27001953125,514.5,515.0001220703125,515.0001220703125,5713174
2024-03-19 14:30:00,515.010009765625,515.3599243164062,514.22998046875,514.530029296875,514.530029296875,6200453
2024-03-19 15:30:00,514.4974975585938,515.9949951171875,514.4099731445312,515.760009765625,515.760009765625,10921280
2024-03-20 09:30:00,515.77001953125,516.4000244140625,515.2100219726562,516.3499755859375,516.3499755859375,6699568
2024-03-20 10:30:00,516.344970703125,516.4400024414062,515.5499877929688,516.2100219726562,516.2100219726562,3979273
2024-03-20 11:30:00,516.2100219726562,516.3400268554688,515.510009765625,515.75,515.75,4318194
2024-03-20 12:30:00,515.75,516.1500244140625,515.2999877929688,515.4249877929688,515.4249877929688,3361028
2024-03-20 13:30:00,515.4099731445312,518.4000244140625,515.0800170898438,517.630126953125,517.630126953125,11215319
2024-03-20 14:30:00,517.6599731445312,520.510009765625,515.7999877929688,520.3779907226562,520.3779907226562,17691138
2024-03-20 15:30:00,520.3800048828125,520.6199951171875,519.0999755859375,520.4199829101562,520.4199829101562,13557517
2024-03-21 09:30:00,523.3900146484375,524.010009765625,522.7650146484375,523.75,523.75,11869289
2024-03-21 10:30:00,523.77001953125,523.97998046875,523.030029296875,523.4000244140625,523.4000244140625,7124686
2024-03-21 11:30:00,523.4000244140625,524.0499877929688,523.27001953125,524.010009765625,524.010009765625,4801132
2024-03-21 12:30:00,524.0,524.1099853515625,523.1900024414062,523.3900146484375,523.3900146484375,6058791
2024-03-21 13:30:00,523.3699951171875,523.5499267578125,522.510009765625,523.0399780273438,523.0399780273438,5812867
2024-03-21 14:30:00,523.0399780273438,523.0399780273438,522.030029296875,522.780029296875,522.780029296875,7334560
2024-03-21 15:30:00,522.7949829101562,523.1699829101562,521.9099731445312,522.1010131835938,522.1010131835938,9685014
2024-03-22 09:30:00,522.1099853515625,522.4400024414062,521.4099731445312,521.7999267578125,521.7999267578125,7782429
2024-03-22 10:30:00,521.7899780273438,521.8200073242188,521.02001953125,521.7000122070312,521.7000122070312,5793537
2024-03-22 11:30:00,521.7050170898438,521.8350219726562,521.1904907226562,521.4500122070312,521.4500122070312,5172156
2024-03-22 12:30:00,521.4550170898438,522.2100219726562,520.969970703125,522.042724609375,522.042724609375,6358056
2024-03-22 13:30:00,522.0449829101562,522.60498046875,521.9000244140625,522.5098876953125,522.5098876953125,4476468
2024-03-22 14:30:00,522.510009765625,522.530029296875,521.1199951171875,521.6900024414062,521.6900024414062,7221814
2024-03-22 15:30:00,521.7000122070312,522.3599853515625,521.22998046875,521.27001953125,521.27001953125,14610935
2024-03-25 09:30:00,519.7999877929688,520.8900146484375,519.6099853515625,520.43701171875,520.43701171875,8165542
2024-03-25 10:30:00,520.4400024414062,520.7999877929688,520.1400146484375,520.6199951171875,520.6199951171875,4417258
2024-03-25 11:30:00,520.6199951171875,520.8599853515625,520.280029296875,520.5,520.5,4196930
2024-03-25 12:30:00,520.5,520.5999755859375,520.1300048828125,520.5150146484375,520.5150146484375,3486542
2024-03-25 13:30:00,520.52001953125,520.9199829101562,520.4299926757812,520.8499755859375,520.8499755859375,3172178
2024-03-25 14:30:00,520.8499755859375,520.9500122070312,520.1699829101562,520.2949829101562,520.2949829101562,4744117
2024-03-25 15:30:00,520.2899780273438,520.7000122070312,519.6699829101562,519.8099975585938,519.8099975585938,11447768
2024-03-26 09:30:00,521.22998046875,521.5800170898438,520.8300170898438,521.0700073242188,521.0700073242188,7907926
2024-03-26 10:30:00,521.0700073242188,521.3900146484375,520.6500244140625,521.280029296875,521.280029296875,4259640
2024-03-26 11:30:00,521.2750244140625,521.4600219726562,520.9149780273438,521.1400146484375,521.1400146484375,3847775
2024-03-26 12:30:00,521.135009765625,521.1400146484375,520.719970703125,520.8599853515625,520.8599853515625,3535856
2024-03-26 13:30:00,520.8624267578125,521.010009765625,520.489990234375,520.9650268554688,520.9650268554688,4458360
2024-03-26 14:30:00,520.9600219726562,521.0499877929688,519.9550170898438,520.2100219726562,520.2100219726562,6207538
2024-03-26 15:30:00,520.2100219726562,520.2449951171875,518.4000244140625,518.6699829101562,518.6699829101562,20751611
2024-03-27 09:30:00,521.7100219726562,521.780029296875,519.72998046875,519.9398193359375,519.9398193359375,12604824
2024-03-27 10:30:00,519.9349975585938,520.4249877929688,519.6300048828125,519.6900024414062,519.6900024414062,6654921
2024-03-27 11:30:00,519.7100219726562,520.1286010742188,519.4849853515625,520.0800170898438,520.0800170898438,5514746
2024-03-27 12:30:00,520.0800170898438,520.5,519.72998046875,520.3250122070312,520.3250122070312,4795636
2024-03-27 13:30:00,520.3300170898438,520.9099731445312,520.02001953125,520.838623046875,520.838623046875,4097939
2024-03-27 14:30:00,520.8400268554688,521.0499877929688,519.8400268554688,520.9000244140625,520.9000244140625,9190031
2024-03-27 15:30:00,520.89501953125,523.2000122070312,520.7670288085938,523.1699829101562,523.1699829101562,23872768
2024-03-28 09:30:00,523.2100219726562,523.72998046875,522.780029296875,523.1500244140625,523.1500244140625,11609627
2024-03-28 10:30:00,523.1500244140625,523.6300048828125,523.0399780273438,523.5700073242188,523.5700073242188,9722100
2024-03-28 11:30:00,523.5798950195312,523.72998046875,523.1400146484375,523.469970703125,523.469970703125,8212053
2024-03-28 12:30:00,523.469970703125,523.489990234375,522.97998046875,523.125,523.125,5982187
2024-03-28 13:30:00,523.125,523.64501953125,522.9199829101562,523.52001953125,523.52001953125,5771506
2024-03-28 14:30:00,523.5250244140625,524.5800170898438,523.02001953125,524.4580078125,524.4580078125,10895026
2024-03-28 15:30:00,524.4600219726562,524.6099853515625,523.1099853515625,523.1300048828125,523.1300048828125,17300093
2024-04-01 09:30:00,523.8300170898438,524.3800048828125,522.8300170898438,522.989990234375,522.989990234375,13071144
2024-04-01 10:30:00,522.9849853515625,523.0999755859375,521.3599853515625,522.0798950195312,522.0798950195312,10963506
2024-04-01 11:30:00,522.0700073242188,522.0850219726562,520.969970703125,521.989990234375,521.989990234375,7822074
2024-04-01 12:30:00,522.0,522.2249755859375,521.0599975585938,521.6099853515625,521.6099853515625,3217247
2024-04-01 13:30:00,521.6199951171875,522.0499877929688,521.3800048828125,521.8712158203125,521.8712158203125,3052947
2024-04-01 14:30:00,521.8699951171875,522.3400268554688,521.6799926757812,521.8699951171875,521.8699951171875,6042284
2024-04-01 15:30:00,521.875,522.7999877929688,521.6099853515625,522.219970703125,522.219970703125,8456323
2024-04-02 09:30:00,518.239990234375,518.4600219726562,516.47998046875,517.1699829101562,517.1699829101562,19043932
2024-04-02 10:30:00,517.1699829101562,517.8200073242188,516.7612915039062,517.6199951171875,517.6199951171875,6846221
2024-04-02 11:30:00,517.625,517.864990234375,516.9000244140625,517.4349975585938,517.4349975585938,5290152
2024-04-02 12:30:00,517.4400024414062,518.1199951171875,517.3049926757812,517.6699829101562,517.6699829101562,4827514
2024-04-02 13:30:00,517.6699829101562,518.1199951171875,517.3499755859375,517.905029296875,517.905029296875,4771578
2024-04-02 14:30:00,517.9099731445312,518.5900268554688,517.6400146484375,518.4299926757812,518.4299926757812,7105354
2024-04-02 15:30:00,518.4400024414062,518.97998046875,518.280029296875,518.8499755859375,518.8499755859375,17125843
2024-04-03 09:30:00,517.719970703125,520.6300048828125,517.6649780273438,520.4000244140625,520.4000244140625,11059413
2024-04-03 10:30:00,520.4099731445312,520.9500122070312,520.1701049804688,520.8099975585938,520.8099975585938,4844443
2024-04-03 11:30:00,520.8300170898438,520.9299926757812,519.719970703125,520.64501953125,520.64501953125,6161995
2024-04-03 12:30:00,520.6400146484375,520.844970703125,519.3900146484375,520.6199951171875,520.6199951171875,4986100
2024-04-03 13:30:00,520.6300048828125,520.7999877929688,520.1500244140625,520.2050170898438,520.2050170898438,4312993
2024-04-03 14:30:00,520.1900024414062,520.4249877929688,517.77001953125,518.530029296875,518.530029296875,7908604
2024-04-03 15:30:00,518.5499877929688,519.77001953125,518.280029296875,519.3599853515625,519.3599853515625,13945506
2024-04-04 09:30:00,523.52001953125,523.7000122070312,522.469970703125,522.9199829101562,522.9199829101562,11413170
2024-04-04 10:30:00,522.9199829101562,522.9650268554688,522.3599853515625,522.75,522.75,4852069
2024-04-04 11:30:00,522.77001953125,523.8673706054688,522.6799926757812,523.5101928710938,523.5101928710938,6787789
2024-04-04 12:30:00,523.52001953125,523.6199951171875,523.155029296875,523.1699829101562,523.1699829101562,2992311
2024-04-04 13:30:00,523.1699829101562,523.1900024414062,517.8400268554688,518.010009765625,518.010009765625,15571954
2024-04-04 14:30:00,518.0,518.0,513.6599731445312,513.6900024414062,513.6900024414062,26018879
2024-04-04 15:30:00,513.7100219726562,514.3800048828125,512.7550048828125,513.0499877929688,513.0499877929688,21560435
2024-04-05 09:30:00,514.4600219726562,516.4299926757812,514.010009765625,515.4400024414062,515.4400024414062,15647950
2024-04-05 10:30:00,515.4600219726562,518.09130859375,515.1900024414062,517.8499755859375,517.8499755859375,9802491
2024-04-05 11:30:00,517.7899780273438,520.010009765625,517.5700073242188,519.614990234375,519.614990234375,9537269
2024-04-05 12:30:00,519.6099853515625,520.4400024414062,518.7100219726562,519.260009765625,519.260009765625,7529052
2024-04-05 13:30:00,519.260009765625,519.594970703125,516.969970703125,517.7899780273438,517.7899780273438,8633612
2024-04-05 14:30:00,517.7999877929688,518.7100219726562,517.239990234375,518.1500244140625,518.1500244140625,7405801
2024-04-05 15:30:00,518.114990234375,519.2949829101562,518.114990234375,518.4000244140625,518.4000244140625,8843497
2024-04-08 09:30:00,519.1500244140625,519.5800170898438,517.97998046875,519.5369873046875,519.5369873046875,8554787
2024-04-08 10:30:00,519.530029296875,520.1799926757812,519.3300170898438,519.5250244140625,519.5250244140625,5495562
2024-04-08 11:30:00,519.5,519.510009765625,517.8900146484375,518.5601196289062,518.5601196289062,5820638
2024-04-08 12:30:00,518.5599975585938,519.4600219726562,518.4600219726562,519.2750244140625,519.2750244140625,3957040
2024-04-08 13:30:00,519.280029296875,519.47998046875,518.6500244140625,519.1799926757812,519.1799926757812,4529588
2024-04-08 14:30:00,519.1799926757812,519.3499755859375,518.669921875,519.2550048828125,519.2550048828125,3901029
2024-04-08 15:30:00,519.25,519.7000122070312,518.22998046875,518.6699829101562,518.6699829101562,10639646
2024-04-09 09:30:00,520.5,520.75,517.4102783203125,517.5900268554688,517.5900268554688,10151387
2024-04-09 10:30:00,517.5900268554688,517.6300048828125,514.3499755859375,515.9500122070312,515.9500122070312,13026925
2024-04-09 11:30:00,515.9600219726562,517.6400146484375,515.6699829101562,517.260009765625,517.260009765625,5874826
2024-04-09 12:30:00,517.260009765625,517.780029296875,516.5750122070312,517.1599731445312,517.1599731445312,4563329
2024-04-09 13:30:00,517.1699829101562,517.6400146484375,516.22998046875,516.6500244140625,516.6500244140625,4734238
2024-04-09 14:30:00,516.657470703125,518.6099853515625,515.7100219726562,518.5499877929688,518.5499877929688,7794817
2024-04-09 15:30:00,518.510009765625,519.4400024414062,517.4500122070312,519.2999877929688,519.2999877929688,13439237
2024-04-10 09:30:00,513.47998046875,515.1300048828125,512.6699829101562,514.6599731445312,514.6599731445312,21396537
2024-04-10 10:30:00,514.6699829101562,516.1599731445312,513.47998046875,514.4849853515625,514.4849853515625,9757437
2024-04-10 11:30:00,514.489990234375,514.530029296875,512.97998046875,513.39501953125,513.39501953125,6373566
2024-04-10 12:30:00,513.4000244140625,515.1400146484375,512.0900268554688,513.8604125976562,513.8604125976562,10051427
2024-04-10 13:30:00,513.8800048828125,514.9000244140625,512.2899780273438,513.2000122070312,513.2000122070312,10907781
2024-04-10 14:30:00,513.1900024414062,515.0700073242188,512.4450073242188,514.260009765625,514.260009765625,8320110
2024-04-10 15:30:00,513.7999877929688,515.010009765625,513.4099731445312,514.1599731445312,514.1599731445312,10874849
2024-04-11 09:30:00,515.5,515.6099853515625,512.0800170898438,512.5700073242188,512.5700073242188,13466839
2024-04-11 10:30:00,512.5700073242188,514.22998046875,512.451416015625,513.5700073242188,513.5700073242188,7122552
2024-04-11 11:30:00,513.5700073242188,515.52001953125,513.4149780273438,514.8399047851562,514.8399047851562,7517689
2024-04-11 12:30:00,514.8400268554688,517.9099731445312,514.72998046875,517.510009765625,517.510009765625,8476315
2024-04-11 13:30:00,517.52001953125,519.27001953125,516.9600219726562,519.0700073242188,519.0700073242188,7443242
2024-04-11 14:30:00,519.0800170898438,519.47998046875,518.510009765625,518.9099731445312,518.9099731445312,7166617
2024-04-11 15:30:00,518.9149780273438,519.3900146484375,517.969970703125,518.0499877929688,518.0499877929688,10517018
2024-04-12 09:30:00,514.3699951171875,515.8150024414062,513.5599975585938,513.7999877929688,513.7999877929688,20043814
2024-04-12 10:30:00,513.8099975585938,514.0900268554688,512.02001953125,513.530029296875,513.530029296875,10883590
2024-04-12 11:30:00,513.530029296875,514.030029296875,511.760009765625,511.82000732421875,511.82000732421875,7579976
2024-04-12 12:30:00,511.79998779296875,512.02001953125,509.4700012207031,509.70001220703125,509.70001220703125,13162874
2024-04-12 13:30:00,509.69000244140625,511.4150085449219,509.32000732421875,510.6700134277344,510.6700134277344,9593797
2024-04-12 14:30:00,510.67999267578125,510.739990234375,509.0799865722656,509.5050048828125,509.5050048828125,9415486
2024-04-12 15:30:00,509.4949951171875,510.9200134277344,509.260009765625,510.82000732421875,510.82000732421875,14383801
2024-04-15 09:30:00,515.1300048828125,515.2999877929688,511.94000244140625,512.5700073242188,512.5700073242188,16487107
2024-04-15 10:30:00,512.5800170898438,513.010009765625,510.80999755859375,511.5801086425781,511.5801086425781,9880102
2024-04-15 11:30:00,511.6000061035156,512.6199951171875,510.364990234375,510.6000061035156,510.6000061035156,6807072
2024-04-15 12:30:00,510.6099853515625,510.6199951171875,506.54998779296875,506.57000732421875,506.57000732421875,9487520
2024-04-15 13:30:00,506.5799865722656,506.8500061035156,504.7300109863281,505.1099853515625,505.1099853515625,15156537
2024-04-15 14:30:00,505.1000061035156,506.489990234375,503.5799865722656,504.2598876953125,504.2598876953125,11554182
2024-04-15 15:30:00,504.260009765625,505.2685852050781,504.2300109863281,504.5,504.5,12853407
2024-04-16 09:30:00,504.94000244140625,505.2799987792969,502.95001220703125,503.17999267578125,503.17999267578125,13929196
2024-04-16 10:30:00,503.1700134277344,504.3399963378906,502.4200134277344,504.1820983886719,504.1820983886719,7897601
2024-04-16 11:30:00,504.18499755859375,505.3599853515625,503.5,504.4901123046875,504.4901123046875,6470367
2024-04-16 12:30:00,504.489990234375,505.1000061035156,503.739990234375,504.3299865722656,504.3299865722656,4888723
2024-04-16 13:30:00,504.3399963378906,506.5,502.5299987792969,503.0400085449219,503.0400085449219,14598924
2024-04-16 14:30:00,503.0400085449219,505.85980224609375,502.989990234375,505.6199951171875,505.6199951171875,8004493
2024-04-16 15:30:00,505.6300048828125,505.6300048828125,503.2950134277344,503.5,503.5,11088176
2024-04-17 09:30:00,506.04998779296875,506.2200012207031,503.45001220703125,504.3800048828125,504.3800048828125,12738585
2024-04-17 10:30:00,504.3599853515625,504.510009765625,502.0899963378906,502.0899963378906,502.0899963378906,7597209
2024-04-17 11:30:00,502.1000061035156,502.17999267578125,500.1700134277344,500.4800109863281,500.4800109863281,9564226
2024-04-17 12:30:00,500.4800109863281,501.7900085449219,499.1199951171875,501.7699890136719,501.7699890136719,11168261
2024-04-17 13:30:00,501.79998779296875,502.55999755859375,501.07000732421875,501.8599853515625,501.8599853515625,7040794
2024-04-17 14:30:00,501.8699951171875,504.0299987792969,500.3599853515625,500.7196960449219,500.7196960449219,10870757
2024-04-17 15:30:00,500.7099914550781,501.82000732421875,500.4100036621094,500.510009765625,500.510009765625,10353173
2024-04-18 09:30:00,501.9800109863281,502.239990234375,499.7300109863281,502.0400085449219,502.0400085449219,12745076
2024-04-18 10:30:00,502.0299987792969,504.1300048828125,501.989990234375,503.2099914550781,503.2099914550781,8986094
2024-04-18 11:30:00,503.2099914550781,503.3900146484375,502.2200012207031,502.63238525390625,502.63238525390625,5308035
2024-04-18 12:30:00,502.6199951171875,502.6499938964844,498.8700866699219,500.26910400390625,500.26910400390625,10173976
2024-04-18 13:30:00,500.2699890136719,500.44000244140625,498.6099853515625,499.5299987792969,499.5299987792969,9874784
2024-04-18 14:30:00,499.54998779296875,500.32000732421875,498.55999755859375,499.7900085449219,499.7900085449219,8673174
2024-04-18 15:30:00,499.79998779296875,500.8299865722656,499.2099914550781,499.5,499.5,10269373
2024-04-19 09:30:00,499.44000244140625,500.4549865722656,497.6000061035156,498.4599914550781,498.4599914550781,15837436
2024-04-19 10:30:00,498.45001220703125,499.3999938964844,497.5299987792969,497.8800048828125,497.8800048828125,13601656
2024-04-19 11:30:00,497.8699951171875,498.3299865722656,495.19000244140625,495.19989013671875,495.19989013671875,9653977
2024-04-19 12:30:00,495.2200012207031,497.739990234375,495.0799865722656,496.5325012207031,496.5325012207031,9975111
2024-04-19 13:30:00,496.54998779296875,498.4599914550781,495.4700012207031,495.4700012207031,495.4700012207031,9173379
2024-04-19 14:30:00,495.4599914550781,495.9725036621094,494.0199890136719,495.0799865722656,495.0799865722656,13206784
2024-04-19 15:30:00,495.0799865722656,495.5199890136719,493.8599853515625,495.1000061035156,495.1000061035156,15919503
2024-04-22 09:30:00,497.8299865722656,498.2200012207031,496.2200012207031,496.42498779296875,496.42498779296875,11251447
2024-04-22 10:30:00,496.43499755859375,497.30999755859375,495.42999267578125,496.4324951171875,496.4324951171875,7417095
2024-04-22 11:30:00,496.44000244140625,498.510009765625,496.3699951171875,497.760009765625,497.760009765625,6137576
2024-04-22 12:30:00,497.54998779296875,500.04998779296875,497.2900085449219,500.0400085449219,500.0400085449219,5998635
2024-04-22 13:30:00,500.0400085449219,502.3349914550781,499.885009765625,502.05999755859375,502.05999755859375,9387366
2024-04-22 14:30:00,502.07000732421875,502.3800048828125,500.260009765625,500.5899963378906,500.5899963378906,8277158
2024-04-22 15:30:00,500.5799865722656,500.6650085449219,498.9049987792969,499.6300048828125,499.6300048828125,11742298
2024-04-23 09:30:00,501.7799987792969,504.364990234375,501.2250061035156,504.3299865722656,504.3299865722656,12043760
2024-04-23 10:30:00,504.3299865722656,505.3399963378906,504.04998779296875,504.8299865722656,504.8299865722656,9432144
2024-04-23 11:30:00,504.8299865722656,505.42999267578125,504.2300109863281,505.30999755859375,505.30999755859375,6366645
2024-04-23 12:30:00,505.30999755859375,505.6000061035156,504.57000732421875,505.364990234375,505.364990234375,5677759
2024-04-23 13:30:00,505.3800048828125,506.0899963378906,505.1400146484375,505.9200134277344,505.9200134277344,5279168
2024-04-23 14:30:00,505.92999267578125,506.07000732421875,504.9599914550781,505.3599853515625,505.3599853515625,5663949
2024-04-23 15:30:00,505.3599853515625,505.75,504.9800109863281,505.6400146484375,505.6400146484375,10174314
2024-04-24 09:30:00,506.55999755859375,507.3699951171875,505.92999267578125,506.2200012207031,506.2200012207031,12014407
2024-04-24 10:30:00,506.239990234375,506.42999267578125,504.0450134277344,504.6199951171875,504.6199951171875,7109904
2024-04-24 11:30:00,504.6199951171875,505.1199951171875,503.44000244140625,504.0849914550781,504.0849914550781,5588351
2024-04-24 12:30:00,504.0899963378906,505.260009765625,503.1300048828125,505.2099914550781,505.2099914550781,5448797
2024-04-24 13:30:00,505.2099914550781,506.5450134277344,504.8500061035156,505.04168701171875,505.04168701171875,6748210
2024-04-24 14:30:00,504.9861145019531,506.18499755859375,504.2300109863281,505.8399963378906,505.8399963378906,5280320
2024-04-24 15:30:00,505.8500061035156,506.19000244140625,505.45001220703125,505.4700012207031,505.4700012207031,6386291
2024-04-25 09:30:00,499.17999267578125,499.760009765625,497.489990234375,499.6000061035156,499.6000061035156,16995725
2024-04-25 10:30:00,499.6099853515625,499.7799987792969,498.1499938964844,499.7099914550781,499.7099914550781,7432413
2024-04-25 11:30:00,499.70001220703125,501.489990234375,498.95001220703125,501.3599853515625,501.3599853515625,6675272
2024-04-25 12:30:00,501.3800048828125,502.3699951171875,500.92999267578125,501.67999267578125,501.67999267578125,5987434
2024-04-25 13:30:00,501.67999267578125,503.82000732421875,501.5400085449219,501.9700012207031,501.9700012207031,7477013
2024-04-25 14:30:00,501.95001220703125,504.2699890136719,501.67999267578125,504.1499938964844,504.1499938964844,7786038
2024-04-25 15:30:00,504.1499938964844,504.17999267578125,502.69000244140625,503.44000244140625,503.44000244140625,7087765
2024-04-26 09:30:00,506.3500061035156,509.010009765625,505.70001220703125,508.0799865722656,508.0799865722656,12759683
2024-04-26 10:30:00,508.0799865722656,509.54998779296875,507.7200012207031,508.2200012207031,508.2200012207031,6729783
2024-04-26 11:30:00,508.2099914550781,509.00799560546875,508.0,508.8800048828125,508.8800048828125,5269410
2024-04-26 12:30:00,508.8799133300781,509.80999755859375,508.625,509.5899963378906,509.5899963378906,4798430
2024-04-26 13:30:00,509.6000061035156,509.8800048828125,508.7850036621094,508.9599914550781,508.9599914550781,5301361
2024-04-26 14:30:00,508.9700012207031,509.6499938964844,508.5780029296875,509.6400146484375,509.6400146484375,5168315
2024-04-26 15:30:00,509.6199951171875,509.6300048828125,508.1600036621094,508.239990234375,508.239990234375,11748283
2024-04-29 09:30:00,510.0,510.75,509.0199890136719,510.2200012207031,510.2200012207031,8460340
2024-04-29 10:30:00,510.2200012207031,510.6300048828125,509.43499755859375,509.57000732421875,509.57000732421875,3834241
2024-04-29 11:30:00,509.5799865722656,510.1400146484375,509.0050048828125,510.1400146484375,510.1400146484375,3416921
2024-04-29 12:30:00,510.1499938964844,510.4100036621094,509.57501220703125,510.3700866699219,510.3700866699219,3260263
2024-04-29 13:30:00,510.3800048828125,510.5199890136719,509.6099853515625,509.67999267578125,509.67999267578125,3252263
2024-04-29 14:30:00,509.67999267578125,509.70001220703125,507.25,508.6000061035156,508.6000061035156,9739468
2024-04-29 15:30:00,508.6099853515625,510.20001220703125,508.4800109863281,510.04998779296875,510.04998779296875,7239267
2024-04-30 09:30:00,508.55999755859375,509.55999755859375,508.20001220703125,508.32000732421875,508.32000732421875,8333180
2024-04-30 10:30:00,508.30999755859375,509.3800048828125,506.4097900390625,506.9049987792969,506.9049987792969,10639465
2024-04-30 11:30:00,506.9100036621094,507.0299987792969,506.0299987792969,506.70001220703125,506.70001220703125,6347924
2024-04-30 12:30:00,506.70001220703125,506.70001220703125,504.7099914550781,505.2550048828125,505.2550048828125,8157043
2024-04-30 13:30:00,505.25,506.5400085449219,505.0950012207031,505.17999267578125,505.17999267578125,6751602
2024-04-30 14:30:00,505.19000244140625,505.7799987792969,504.20001220703125,504.7650146484375,504.7650146484375,9922707
2024-04-30 15:30:00,504.7699890136719,505.1700134277344,502.0299987792969,502.0299987792969,502.0299987792969,15178627
2024-05-01 09:30:00,501.3800048828125,501.8299865722656,500.0799865722656,500.7900085449219,500.7900085449219,11018985
2024-05-01 10:30:00,500.82000732421875,501.6099853515625,500.04998779296875,500.8399963378906,500.8399963378906,5539264
2024-05-01 11:30:00,500.8399963378906,501.3999938964844,499.864990234375,501.04998779296875,501.04998779296875,4087332
2024-05-01 12:30:00,501.04998779296875,501.07501220703125,499.92498779296875,500.7200012207031,500.7200012207031,3354992
2024-05-01 13:30:00,500.7300109863281,503.16900634765625,500.6300048828125,503.05999755859375,503.05999755859375,8125762
2024-05-01 14:30:00,503.07000732421875,508.19000244140625,500.94000244140625,506.4649963378906,506.4649963378906,22507240
2024-05-01 15:30:00,506.4800109863281,506.489990234375,500.0799865722656,500.2699890136719,500.2699890136719,18369170
2024-05-02 09:30:00,504.1499938964844,504.67999267578125,499.54998779296875,502.0199890136719,502.0199890136719,13850076
2024-05-02 10:30:00,502.0199890136719,503.1199951171875,500.6000061035156,502.1300048828125,502.1300048828125,6931190
2024-05-02 11:30:00,502.1300048828125,502.9800109863281,501.3800048828125,502.30999755859375,502.30999755859375,5079417
2024-05-02 12:30:00,502.2900085449219,504.1400146484375,501.32000732421875,504.1199035644531,504.1199035644531,5511370
2024-05-02 13:30:00,504.1199951171875,504.70001220703125,503.3887023925781,504.5,504.5,5196810
2024-05-02 14:30:00,504.5,505.8900146484375,504.3949890136719,505.30999755859375,505.30999755859375,8930725
2024-05-02 15:30:00,505.20001220703125,505.39990234375,503.8599853515625,505.010009765625,505.010009765625,10301951
2024-05-03 09:30:00,511.25,512.5499877929688,508.6400146484375,509.6700134277344,509.6700134277344,20023828
2024-05-03 10:30:00,509.6700134277344,510.4100036621094,508.55999755859375,509.7349853515625,509.7349853515625,8738532
2024-05-03 11:30:00,509.75,511.1098937988281,509.7401123046875,510.8900146484375,510.8900146484375,7299470
2024-05-03 12:30:00,510.9200134277344,511.4884948730469,510.4270935058594,511.110107421875,511.110107421875,5356554
2024-05-03 13:30:00,511.1099853515625,511.989990234375,510.67999267578125,511.75,511.75,4603683
2024-05-03 14:30:00,511.739990234375,511.989990234375,511.239990234375,511.6400146484375,511.6400146484375,6954304
2024-05-03 15:30:00,511.6400146484375,511.7550048828125,511.1400146484375,511.2900085449219,511.2900085449219,10503730
2024-05-06 09:30:00,513.75,514.5599975585938,513.2999877929688,514.2999877929688,514.2999877929688,10383868
2024-05-06 10:30:00,514.3099975585938,514.6400146484375,513.840087890625,514.0999755859375,514.0999755859375,4596341
2024-05-06 11:30:00,514.1099853515625,514.5399780273438,513.7000122070312,514.1699829101562,514.1699829101562,3964293
2024-05-06 12:30:00,514.1699829101562,514.9600219726562,514.1099853515625,514.6099853515625,514.6099853515625,4375243
2024-05-06 13:30:00,514.6199951171875,515.77001953125,514.5449829101562,515.5850219726562,515.5850219726562,4703511
2024-05-06 14:30:00,515.5800170898438,515.614990234375,514.8800048828125,515.114990234375,515.114990234375,5169502
2024-05-06 15:30:00,515.1099853515625,516.6099853515625,514.9600219726562,516.5900268554688,516.5900268554688,9173795
2024-05-07 09:30:00,517.5599975585938,517.9000244140625,516.9450073242188,517.3099975585938,517.3099975585938,8132645
2024-05-07 10:30:00,517.2899780273438,518.280029296875,517.239990234375,517.97998046875,517.97998046875,5351147
2024-05-07 11:30:00,517.969970703125,518.2949829101562,517.6900024414062,518.1699829101562,518.1699829101562,3178575
2024-05-07 12:30:00,518.1749877929688,518.47998046875,517.5701293945312,518.419921875,518.419921875,5002692
2024-05-07 13:30:00,518.4100952148438,518.5700073242188,516.7000122070312,516.8400268554688,516.8400268554688,6767477
2024-05-07 14:30:00,516.8300170898438,517.2899780273438,516.4500122070312,517.1699829101562,517.1699829101562,5229884
2024-05-07 15:30:00,517.1749877929688,517.8599853515625,516.97998046875,517.2000122070312,517.2000122070312,10857171
2024-05-08 09:30:00,515.260009765625,517.1199951171875,515.1400146484375,516.9000244140625,516.9000244140625,8551933
2024-05-08 10:30:00,516.905029296875,517.7171020507812,516.635009765625,517.030029296875,517.030029296875,5484059
2024-05-08 11:30:00,517.02001953125,517.260009765625,516.6300048828125,516.8300170898438,516.8300170898438,3620211
2024-05-08 12:30:00,516.8300170898438,516.9600219726562,516.0999755859375,516.2899780273438,516.2899780273438,3924880
2024-05-08 13:30:00,516.280029296875,517.39501953125,516.2000122070312,517.260009765625,517.260009765625,3134530
2024-05-08 14:30:00,517.27001953125,517.469970703125,516.5698852539062,517.3099975585938,517.3099975585938,4733042
2024-05-08 15:30:00,517.3049926757812,517.739990234375,517.1900024414062,517.1900024414062,517.1900024414062,6856902
2024-05-09 09:30:00,517.3800048828125,518.3900146484375,516.7050170898438,518.0650024414062,518.0650024414062,8433974
2024-05-09 10:30:00,518.0599975585938,519.510009765625,518.0599975585938,519.3400268554688,519.3400268554688,6359947
2024-05-09 11:30:00,519.3400268554688,519.4550170898438,518.3400268554688,518.7999877929688,518.7999877929688,3513163
2024-05-09 12:30:00,518.8099975585938,519.6400146484375,518.530029296875,519.5,519.5,3961316
2024-05-09 13:30:00,519.5,519.5800170898438,518.9299926757812,519.47998046875,519.47998046875,2732680
2024-05-09 14:30:00,519.489990234375,520.0599975585938,519.340087890625,519.6699829101562,519.6699829101562,4331181
2024-05-09 15:30:00,519.6300048828125,520.2073974609375,519.5700073242188,520.1300048828125,520.1300048828125,9283329
2024-05-10 09:30:00,521.3699951171875,522.635009765625,520.5999755859375,520.780029296875,520.780029296875,11217945
2024-05-10 10:30:00,520.77001953125,521.3699951171875,520.010009765625,520.5399780273438,520.5399780273438,6669175
2024-05-10 11:30:00,520.5499877929688,520.6599731445312,519.5900268554688,520.3099975585938,520.3099975585938,5504961
2024-05-10 12:30:00,520.4000244140625,520.77001953125,520.0050048828125,520.1099853515625,520.1099853515625,3547711
2024-05-10 13:30:00,520.1300048828125,520.9498901367188,519.9099731445312,520.6699829101562,520.6699829101562,3791822
2024-05-10 14:30:00,520.6599731445312,521.139892578125,520.114990234375,521.030029296875,521.030029296875,3716946
2024-05-10 15:30:00,521.030029296875,521.3400268554688,520.760009765625,520.8400268554688,520.8400268554688,7096245
2024-05-13 09:30:00,522.5599975585938,522.6699829101562,521.0999755859375,521.6699829101562,521.6699829101562,7937580
2024-05-13 10:30:00,521.6649780273438,521.6699829101562,520.9500122070312,521.1400146484375,521.1400146484375,4237645
2024-05-13 11:30:00,520.6300048828125,521.375,520.4000244140625,521.2849731445312,521.2849731445312,3322424
2024-05-13 12:30:00,521.2899780273438,521.3499755859375,519.739990234375,520.8665161132812,520.8665161132812,4125433
2024-05-13 13:30:00,520.864990234375,520.9000244140625,520.3150024414062,520.7949829101562,520.7949829101562,2931858
2024-05-13 14:30:00,520.7949829101562,521.1395263671875,520.469970703125,520.7899780273438,520.7899780273438,4574705
2024-05-13 15:30:00,520.7849731445312,521.0999755859375,520.64501953125,520.9099731445312,520.9099731445312,6152975
2024-05-14 09:30:00,521.1099853515625,522.4099731445312,520.8800048828125,522.22998046875,522.22998046875,11241200
2024-05-14 10:30:00,522.22998046875,522.280029296875,520.6400146484375,521.9199829101562,521.9199829101562,5978402
2024-05-14 11:30:00,521.9299926757812,521.9299926757812,520.8099975585938,520.9500122070312,520.9500122070312,3754577
2024-05-14 12:30:00,520.9400024414062,521.0700073242188,520.5599975585938,521.0408935546875,521.0408935546875,3096595
2024-05-14 13:30:00,521.0499877929688,522.375,520.9749755859375,522.3200073242188,522.3200073242188,4260248
2024-05-14 14:30:00,522.3200073242188,523.780029296875,522.1849975585938,523.44140625,523.44140625,7463288
2024-05-14 15:30:00,523.4400024414062,523.8300170898438,523.2000122070312,523.2849731445312,523.2849731445312,11031855
2024-05-15 09:30:00,525.8300170898438,526.7999877929688,525.1799926757812,526.3900146484375,526.3900146484375,13081992
2024-05-15 10:30:00,526.4099731445312,528.1099853515625,526.3200073242188,528.0800170898438,528.0800170898438,6053988
2024-05-15 11:30:00,528.0750122070312,528.1699829101562,527.4149780273438,528.0499877929688,528.0499877929688,4050583
2024-05-15 12:30:00,528.0399780273438,528.844970703125,527.9450073242188,528.7899780273438,528.7899780273438,3993941
2024-05-15 13:30:00,528.79150390625,529.4299926757812,528.3400268554688,528.969970703125,528.969970703125,5005183
2024-05-15 14:30:00,528.9899291992188,529.2999877929688,528.5999755859375,529.0599975585938,529.0599975585938,6367147
2024-05-15 15:30:00,529.0499877929688,530.0800170898438,528.9500122070312,529.77001953125,529.77001953125,13619810
2024-05-16 09:30:00,529.8800048828125,530.77001953125,529.5499877929688,530.6300048828125,530.6300048828125,7319069
2024-05-16 10:30:00,530.6400146484375,531.469970703125,530.510009765625,531.1400146484375,531.1400146484375,5782385
2024-05-16 11:30:00,531.1400756835938,531.3499755859375,530.280029296875,530.510009765625,530.510009765625,4631016
2024-05-16 12:30:00,530.510009765625,530.8499755859375,529.4199829101562,529.7899780273438,529.7899780273438,4154925
2024-05-16 13:30:00,529.77001953125,530.1300048828125,529.0200805664062,529.4650268554688,529.4650268554688,4967076
2024-05-16 14:30:00,529.4600219726562,530.2000122070312,529.4600219726562,529.8900146484375,529.8900146484375,4446229
2024-05-16 15:30:00,529.8900146484375,529.97998046875,528.5399780273438,528.6599731445312,528.6599731445312,11281036
2024-05-17 09:30:00,528.8099975585938,529.2000122070312,528.3419799804688,529.1699829101562,529.1699829101562,7792638
2024-05-17 10:30:00,529.1699829101562,529.2999877929688,528.3900146484375,528.760009765625,528.760009765625,6990385
2024-05-17 11:30:00,528.6950073242188,529.0294799804688,528.27001953125,528.5599975585938,528.5599975585938,3588171
2024-05-17 12:30:00,528.5598754882812,528.9000244140625,528.0499877929688,528.6950073242188,528.6950073242188,4976687
2024-05-17 13:30:00,528.7000122070312,528.8800048828125,527.3200073242188,527.9099731445312,527.9099731445312,7465677
2024-05-17 14:30:00,527.9000244140625,529.3099975585938,527.8800048828125,529.219970703125,529.219970703125,8295790
2024-05-17 15:30:00,529.2100219726562,529.52001953125,528.760009765625,529.4299926757812,529.4299926757812,10133501
2024-05-20 09:30:00,529.6099853515625,531.3494262695312,529.6099853515625,531.280029296875,531.280029296875,6428550
2024-05-20 10:30:00,531.2899780273438,531.47998046875,530.9500122070312,531.3900146484375,531.3900146484375,2586012
2024-05-20 11:30:00,531.4000244140625,531.5601196289062,530.635009765625,530.7899780273438,530.7899780273438,2983400
2024-05-20 12:30:00,530.7899780273438,531.280029296875,530.1799926757812,530.3499755859375,530.3499755859375,3475869
2024-05-20 13:30:00,530.3499755859375,530.52001953125,529.1699829101562,530.1849975585938,530.1849975585938,4476750
2024-05-20 14:30:00,530.1799926757812,530.4400024414062,529.7650146484375,530.261474609375,530.261474609375,3485570
2024-05-20 15:30:00,530.27001953125,530.3300170898438,529.5,530.02001953125,530.02001953125,7769429
2024-05-21 09:30:00,529.280029296875,530.030029296875,529.0700073242188,530.0150146484375,530.0150146484375,4545465
2024-05-21 10:30:00,530.02001953125,530.72998046875,529.9299926757812,530.5001220703125,530.5001220703125,3207341
2024-05-21 11:30:00,530.510009765625,530.5197143554688,529.8200073242188,530.1950073242188,530.1950073242188,3733639
2024-05-21 12:30:00,530.1900024414062,530.280029296875,529.6400146484375,530.135009765625,530.135009765625,2218199
2024-05-21 13:30:00,530.1400146484375,530.7899780273438,530.0700073242188,530.3900146484375,530.3900146484375,3185239
2024-05-21 14:30:00,530.39501953125,530.9600219726562,530.165771484375,530.8250122070312,530.8250122070312,4143830
2024-05-21 15:30:00,530.8099975585938,531.52001953125,530.780029296875,531.3200073242188,531.3200073242188,7407599
2024-05-22 09:30:00,530.6500244140625,531.280029296875,530.625,531.125,531.125,4018236
2024-05-22 10:30:00,531.0499877929688,531.3800048828125,530.780029296875,531.0358276367188,531.0358276367188,2208006
2024-05-22 11:30:00,531.0399780273438,531.0999755859375,530.1599731445312,531.0250244140625,531.0250244140625,2548571
2024-05-22 12:30:00,531.030029296875,531.239990234375,530.6699829101562,530.9149780273438,530.9149780273438,2926180
2024-05-22 13:30:00,530.9099731445312,530.9199829101562,527.77001953125,527.8099975585938,527.8099975585938,7812489
2024-05-22 14:30:00,527.8200073242188,528.8699951171875,527.5999755859375,528.760009765625,528.760009765625,6237476
2024-05-22 15:30:00,528.760009765625,529.8300170898438,528.0150146484375,529.8200073242188,529.8200073242188,10612664
2024-05-23 09:30:00,532.9600219726562,533.0700073242188,529.5449829101562,530.4498901367188,530.4498901367188,10081394
2024-05-23 10:30:00,530.4600219726562,530.880126953125,528.97998046875,530.5250244140625,530.5250244140625,4608312
2024-05-23 11:30:00,530.5349731445312,531.4840087890625,530.52001953125,531.2449951171875,531.2449951171875,3672511
2024-05-23 12:30:00,531.2327270507812,531.344970703125,528.8300170898438,529.4804077148438,529.4804077148438,3814406
2024-05-23 13:30:00,529.3499755859375,529.47998046875,525.4600219726562,525.7100830078125,525.7100830078125,7274948
2024-05-23 14:30:00,525.7100219726562,526.3099975585938,524.719970703125,525.1900024414062,525.1900024414062,8353985
2024-05-23 15:30:00,525.2000122070312,526.260009765625,525.1900024414062,525.9500122070312,525.9500122070312,11836214
2024-05-24 09:30:00,527.8499755859375,528.739990234375,526.8809814453125,528.6099853515625,528.6099853515625,7942013
2024-05-24 10:30:00,528.5999755859375,530.27001953125,527.8400268554688,529.7000122070312,529.7000122070312,5596824
2024-05-24 11:30:00,529.7100219726562,530.0540161132812,529.0,529.7899780273438,529.7899780273438,3280933
2024-05-24 12:30:00,529.780029296875,529.8699951171875,529.0599975585938,529.6287231445312,529.6287231445312,2707217
2024-05-24 13:30:00,529.6099853515625,530.0999755859375,529.239990234375,529.4298706054688,529.4298706054688,3656844
2024-05-24 14:30:00,529.4299926757812,529.6099853515625,528.280029296875,528.9299926757812,528.9299926757812,3452322
2024-05-24 15:30:00,528.9299926757812,529.5800170898438,528.77001953125,529.5,529.5,6147975
2024-05-28 09:30:00,530.27001953125,530.510009765625,529.0,529.5599975585938,529.5599975585938,6768480
2024-05-28 10:30:00,529.5399780273438,530.0499267578125,529.1599731445312,529.8599853515625,529.8599853515625,2732452
2024-05-28 11:30:00,529.8699951171875,530.2949829101562,529.6400146484375,529.8049926757812,529.8049926757812,1639935
2024-05-28 12:30:00,529.8049926757812,530.25,529.1500244140625,529.47998046875,529.47998046875,2374243
2024-05-28 13:30:00,529.4749755859375,529.8499755859375,528.2100219726562,528.27001953125,528.27001953125,4334512
2024-05-28 14:30:00,528.260009765625,528.97998046875,527.1099853515625,528.3400268554688,528.3400268554688,5607964
2024-05-28 15:30:00,528.3400268554688,529.9000244140625,528.2899780273438,529.8599853515625,529.8599853515625,6521801
2024-05-29 09:30:00,525.6799926757812,526.969970703125,525.3699951171875,526.72998046875,526.72998046875,8133202
2024-05-29 10:30:00,526.7559814453125,527.3049926757812,526.030029296875,526.47998046875,526.47998046875,3500495
2024-05-29 11:30:00,526.47998046875,526.9199829101562,525.97998046875,526.8200073242188,526.8200073242188,3622699
2024-05-29 12:30:00,526.8200073242188,527.3099975585938,526.3400268554688,526.9301147460938,526.9301147460938,3541876
2024-05-29 13:30:00,526.9299926757812,527.2000122070312,526.1699829101562,526.5900268554688,526.5900268554688,3219913
2024-05-29 14:30:00,526.5800170898438,527.1900024414062,526.010009765625,526.8599853515625,526.8599853515625,5046168
2024-05-29 15:30:00,526.8499755859375,527.1900024414062,525.5599975585938,526.1099853515625,526.1099853515625,9928957
2024-05-30 09:30:00,524.52001953125,524.989990234375,523.3699951171875,524.0,524.0,7626544
2024-05-30 10:30:00,523.97998046875,524.0800170898438,523.0599975585938,523.9500122070312,523.9500122070312,3725494
2024-05-30 11:30:00,523.9450073242188,524.5399780273438,523.6900024414062,524.0399780273438,524.0399780273438,2984127
2024-05-30 12:30:00,524.0399780273438,525.1400146484375,523.9400024414062,524.9650268554688,524.9650268554688,3061804
2024-05-30 13:30:00,524.9600219726562,525.2000122070312,523.5999755859375,524.1900024414062,524.1900024414062,3636736
2024-05-30 14:30:00,524.1799926757812,524.4500122070312,522.8499755859375,523.3804931640625,523.3804931640625,5622015
2024-05-30 15:30:00,523.3800048828125,523.5700073242188,521.3300170898438,522.6199951171875,522.6199951171875,11392450
2024-05-31 09:30:00,523.5900268554688,524.8099975585938,520.8599853515625,521.0999755859375,521.0999755859375,9053293
2024-05-31 10:30:00,521.10498046875,521.1500244140625,520.030029296875,520.1500244140625,520.1500244140625,6821977
2024-05-31 11:30:00,520.1199951171875,520.2399291992188,518.3599853515625,518.8099975585938,518.8099975585938,6601554
2024-05-31 12:30:00,518.7999877929688,520.9349975585938,518.719970703125,520.8150024414062,520.8150024414062,4646957
2024-05-31 13:30:00,520.8200073242188,521.2949829101562,520.4500122070312,520.7799072265625,520.7799072265625,5141227
2024-05-31 14:30:00,520.780029296875,522.75,520.5900268554688,522.25,522.25,7488451
2024-05-31 15:30:00,522.239990234375,527.5,522.0,527.3499755859375,527.3499755859375,26130326
2024-06-03 09:30:00,529.02001953125,529.3099975585938,527.344970703125,528.1699829101562,528.1699829101562,11014920
2024-06-03 10:30:00,528.0,528.0,525.4000244140625,526.0800170898438,526.0800170898438,4434505
2024-06-03 11:30:00,526.0999755859375,526.0999755859375,523.6500244140625,523.9500122070312,523.9500122070312,7583676
2024-06-03 12:30:00,523.9400024414062,524.6900024414062,522.5999755859375,524.6500244140625,524.6500244140625,4415958
2024-06-03 13:30:00,524.6400146484375,525.780029296875,524.5800170898438,525.1099853515625,525.1099853515625,4125167
2024-06-03 14:30:00,525.1099853515625,526.5,525.1099853515625,526.25,526.25,3634503
2024-06-03 15:30:00,526.260009765625,527.8200073242188,525.72998046875,527.760009765625,527.760009765625,6720224
2024-06-04 09:30:00,526.4600219726562,527.75,525.739990234375,527.0,527.0,7224688
2024-06-04 10:30:00,526.9849853515625,527.4000244140625,525.6199951171875,525.8599853515625,525.8599853515625,3762425
2024-06-04 11:30:00,525.8599853515625,526.0999755859375,524.9600219726562,526.010009765625,526.010009765625,3321554
2024-06-04 12:30:00,526.02001953125,527.0,525.6599731445312,526.9749755859375,526.9749755859375,2581367
2024-06-04 13:30:00,526.97998046875,528.969970703125,526.3400268554688,528.9299926757812,528.9299926757812,3643143
2024-06-04 14:30:00,528.9400024414062,529.1500244140625,526.6099853515625,527.6500244140625,527.6500244140625,4644730
2024-06-04 15:30:00,527.6599731445312,528.5999755859375,527.0050048828125,528.3499755859375,528.3499755859375,5221839
2024-06-05 09:30:00,530.77001953125,530.8200073242188,528.989990234375,530.2650146484375,530.2650146484375,8380277
2024-06-05 10:30:00,530.280029296875,532.1849975585938,530.280029296875,531.9149780273438,531.9149780273438,5710875
2024-06-05 11:30:00,531.9099731445312,532.4400024414062,531.72998046875,532.1303100585938,532.1303100585938,3544876
2024-06-05 12:30:00,532.1300048828125,532.97998046875,532.0800170898438,532.72998046875,532.72998046875,3327615
2024-06-05 13:30:00,532.72998046875,533.489990234375,532.6199951171875,533.4801025390625,533.4801025390625,3989962
2024-06-05 14:30:00,533.489990234375,534.1699829101562,533.4349975585938,533.7000122070312,533.7000122070312,5080187
2024-06-05 15:30:00,533.6900024414062,534.6900024414062,533.239990234375,534.6500244140625,534.6500244140625,8164059
2024-06-06 09:30:00,534.97998046875,535.4199829101562,534.3300170898438,535.0599975585938,535.0599975585938,7083812
2024-06-06 10:30:00,535.0499877929688,535.0499877929688,534.2100219726562,534.4849853515625,534.4849853515625,2805300
2024-06-06 11:30:00,534.469970703125,534.530029296875,533.5324096679688,533.739990234375,533.739990234375,3035339
2024-06-06 12:30:00,533.739990234375,534.27001953125,533.2401123046875,534.1400146484375,534.1400146484375,2811686
2024-06-06 13:30:00,534.1400146484375,534.4598999023438,532.6799926757812,533.64501953125,533.64501953125,3101921
2024-06-06 14:30:00,533.6500244140625,534.6400146484375,533.3699951171875,534.489990234375,534.489990234375,2765008
2024-06-06 15:30:00,534.489990234375,534.6699829101562,533.9901123046875,534.6300048828125,534.6300048828125,4478553
2024-06-07 09:30:00,533.6599731445312,534.760009765625,532.5349731445312,534.6400146484375,534.6400146484375,8779223
2024-06-07 10:30:00,534.6300048828125,536.39990234375,533.9500122070312,534.9500122070312,534.9500122070312,5670172
2024-06-07 11:30:00,534.9550170898438,535.9400024414062,534.6799926757812,535.909912109375,535.909912109375,2247558
2024-06-07 12:30:00,535.9099731445312,536.8900146484375,534.9199829101562,536.1701049804688,536.1701049804688,2888407
2024-06-07 13:30:00,536.1799926757812,536.4099731445312,533.489990234375,534.6900024414062,534.6900024414062,4582055
2024-06-07 14:30:00,534.72998046875,535.4400024414062,533.7949829101562,534.72998046875,534.72998046875,4092291
2024-06-07 15:30:00,534.739990234375,534.8800048828125,533.719970703125,533.9600219726562,533.9600219726562,6857634
2024-06-10 09:30:00,533.1799926757812,533.6300048828125,532.5700073242188,533.5900268554688,533.5900268554688,5183864
2024-06-10 10:30:00,533.5850219726562,534.3800048828125,533.4299926757812,534.3800048828125,534.3800048828125,3030546
2024-06-10 11:30:00,534.3900146484375,535.1400146484375,534.3200073242188,534.8693237304688,534.8693237304688,3197217
2024-06-10 12:30:00,534.8699951171875,535.0700073242188,534.260009765625,534.3099975585938,534.3099975585938,2113542
2024-06-10 13:30:00,534.3187866210938,535.719970703125,534.22998046875,534.5,534.5,3451882
2024-06-10 14:30:00,534.4752197265625,535.989990234375,534.2899780273438,535.580078125,535.580078125,4834609
2024-06-10 15:30:00,535.5999755859375,535.72998046875,534.7000122070312,535.6599731445312,535.6599731445312,8761596
2024-06-11 09:30:00,533.719970703125,533.8250122070312,532.0499877929688,533.719970703125,533.719970703125,6419178
2024-06-11 10:30:00,533.7100219726562,534.739990234375,533.5999755859375,534.4299926757812,534.4299926757812,2791004
2024-06-11 11:30:00,534.4500122070312,534.760009765625,533.5499877929688,533.8400268554688,533.8400268554688,2889276
2024-06-11 12:30:00,533.8594970703125,534.8099975585938,533.719970703125,534.25,534.25,2951611
2024-06-11 13:30:00,534.2435302734375,536.22998046875,534.1950073242188,536.2000122070312,536.2000122070312,2936355
2024-06-11 14:30:00,536.2100219726562,536.6400146484375,535.8099975585938,535.8624877929688,535.8624877929688,5258356
2024-06-11 15:30:00,535.8599853515625,537.010009765625,535.6199951171875,536.9099731445312,536.9099731445312,7052167
2024-06-12 09:30:00,541.3599853515625,543.9199829101562,541.2449951171875,543.9099731445312,543.9099731445312,12237578
2024-06-12 10:30:00,543.9199829101562,543.9600219726562,542.5599975585938,543.22998046875,543.22998046875,4859545
2024-06-12 11:30:00,543.219970703125,543.260009765625,542.4949951171875,542.5,542.5,3150434
2024-06-12 12:30:00,542.510009765625,543.3699951171875,542.4199829101562,542.9199829101562,542.9199829101562,2449258
2024-06-12 13:30:00,542.9102783203125,542.9299926757812,540.72998046875,542.6699829101562,542.6699829101562,7136358
2024-06-12 14:30:00,542.6900024414062,544.1199951171875,540.739990234375,540.989990234375,540.989990234375,9930018
2024-06-12 15:30:00,541.0,542.39501953125,540.2999877929688,541.3350219726562,541.3350219726562,10707197
2024-06-13 09:30:00,543.1500244140625,543.1900024414062,540.4299926757812,541.0399780273438,541.0399780273438,8550009
2024-06-13 10:30:00,541.0404052734375,541.3499755859375,540.25,541.1900024414062,541.1900024414062,4646932
2024-06-13 11:30:00,541.1699829101562,541.6500244140625,539.6400146484375,539.751220703125,539.751220703125,3793101
2024-06-13 12:30:00,539.75,541.9694213867188,539.5900268554688,541.7200927734375,541.7200927734375,3696398
2024-06-13 13:30:00,541.72998046875,542.2100219726562,541.2000122070312,542.0700073242188,542.0700073242188,3207323
2024-06-13 14:30:00,542.0800170898438,543.0599975585938,541.97998046875,542.5050048828125,542.5050048828125,4804371
2024-06-13 15:30:00,542.510009765625,543.3250122070312,542.1799926757812,542.4099731445312,542.4099731445312,6041037
2024-06-14 09:30:00,540.8800048828125,541.6295166015625,539.9600219726562,540.8699951171875,540.8699951171875,8014180
2024-06-14 10:30:00,540.8800048828125,541.6500244140625,539.8499755859375,541.4299926757812,541.4299926757812,3750360
2024-06-14 11:30:00,541.4600219726562,541.859375,540.280029296875,541.1199951171875,541.1199951171875,3897980
2024-06-14 12:30:00,541.1099853515625,542.4201049804688,540.9301147460938,542.0999755859375,542.0999755859375,3037626
2024-06-14 13:30:00,542.0800170898438,542.3599853515625,541.1719970703125,541.8699951171875,541.8699951171875,3032066
2024-06-14 14:30:00,541.8800048828125,542.4299926757812,541.3300170898438,542.3599853515625,542.3599853515625,3453522
2024-06-14 15:30:00,542.3699951171875,542.7999877929688,541.8599853515625,542.739990234375,542.739990234375,5534475
2024-06-17 09:30:00,542.0800170898438,542.8900146484375,541.607177734375,542.3099975585938,542.3099975585938,6912139
2024-06-17 10:30:00,542.2999877929688,544.030029296875,542.210693359375,543.8200073242188,543.8200073242188,6102134
2024-06-17 11:30:00,543.8200073242188,545.4299926757812,543.47998046875,545.4099731445312,545.4099731445312,4146420
2024-06-17 12:30:00,545.4199829101562,546.5499877929688,545.1599731445312,546.3499755859375,546.3499755859375,5862853
2024-06-17 13:30:00,546.375,548.530029296875,546.3099975585938,548.010009765625,548.010009765625,7232348
2024-06-17 14:30:00,548.010009765625,548.3900146484375,547.4600219726562,548.27001953125,548.27001953125,6628816
2024-06-17 15:30:00,548.1900024414062,548.2899780273438,546.739990234375,547.0399780273438,547.0399780273438,9411903
2024-06-18 09:30:00,547.1599731445312,548.219970703125,547.1099853515625,547.4099731445312,547.4099731445312,5719523
2024-06-18 10:30:00,547.4149780273438,547.9600219726562,546.72998046875,547.0800170898438,547.0800170898438,3693719
2024-06-18 11:30:00,547.0599975585938,548.0700073242188,546.969970703125,547.3699951171875,547.3699951171875,3919928
2024-06-18 12:30:00,547.2523193359375,548.1699829101562,547.22998046875,548.0700073242188,548.0700073242188,2432417
2024-06-18 13:30:00,548.0700073242188,548.6199951171875,547.0900268554688,547.7437744140625,547.7437744140625,5162428
2024-06-18 14:30:00,547.880126953125,548.0700073242188,547.4199829101562,547.885009765625,547.885009765625,4516047
2024-06-18 15:30:00,547.9000244140625,548.5,547.6900024414062,548.489990234375,548.489990234375,8772697
2024-06-20 09:30:00,549.4400024414062,550.1199951171875,548.4000244140625,549.0750122070312,549.0750122070312,8930285
2024-06-20 10:30:00,549.0599975585938,549.530029296875,548.6699829101562,548.8099975585938,548.8099975585938,4045562
2024-06-20 11:30:00,548.8099975585938,549.1199951171875,546.9401245117188,546.9600219726562,546.9600219726562,4893296
2024-06-20 12:30:00,546.9600219726562,547.7050170898438,545.739990234375,546.02001953125,546.02001953125,7282479
2024-06-20 13:30:00,546.0,548.1400756835938,545.1799926757812,548.0549926757812,548.0549926757812,7709012
2024-06-20 14:30:00,548.0599975585938,548.1900024414062,545.77001953125,547.1500244140625,547.1500244140625,8293926
2024-06-20 15:30:00,547.1599731445312,547.760009765625,546.5800170898438,546.9500122070312,546.9500122070312,12127650
2024-06-21 09:30:00,544.4000244140625,544.8599853515625,543.02001953125,544.3200073242188,544.3200073242188,10098310
2024-06-21 10:30:00,544.0499877929688,545.25,543.8599853515625,544.4149780273438,544.4149780273438,9429020
2024-06-21 11:30:00,544.239990234375,545.6500244140625,544.0098266601562,545.25,545.25,3984979
2024-06-21 12:30:00,545.260009765625,545.3300170898438,543.8800048828125,544.0899047851562,544.0899047851562,2660129
2024-06-21 13:30:00,544.0700073242188,544.7550048828125,543.5588989257812,544.6950073242188,544.6950073242188,4933185
2024-06-21 14:30:00,544.6900024414062,544.844970703125,543.9500122070312,544.39501953125,544.39501953125,4581792
2024-06-21 15:30:00,544.4000244140625,545.219970703125,544.0800170898438,544.1300048828125,544.1300048828125,12433274
2024-06-24 09:30:00,544.3300170898438,546.9500122070312,543.760009765625,545.4400024414062,545.4400024414062,7424032
2024-06-24 10:30:00,545.4299926757812,546.35498046875,544.6599731445312,546.1400146484375,546.1400146484375,4951072
2024-06-24 11:30:00,546.14501953125,546.280029296875,545.5700073242188,545.9650268554688,545.9650268554688,2141914
2024-06-24 12:30:00,545.9650268554688,546.1799926757812,544.0,544.27001953125,544.27001953125,5014316
2024-06-24 13:30:00,544.27001953125,544.5399780273438,543.4249877929688,543.77001953125,543.77001953125,3486799
2024-06-24 14:30:00,543.77001953125,544.6599731445312,543.47998046875,544.22998046875,544.22998046875,4465958
2024-06-24 15:30:00,544.239990234375,544.4199829101562,542.6300048828125,542.6300048828125,542.6300048828125,10068368
2024-06-25 09:30:00,543.989990234375,544.1699829101562,543.030029296875,543.989990234375,543.989990234375,6049224
2024-06-25 10:30:00,543.97998046875,544.47998046875,543.4304809570312,544.0599975585938,544.0599975585938,4185103
2024-06-25 11:30:00,544.0499877929688,544.4301147460938,543.4199829101562,543.6199951171875,543.6199951171875,4602975
2024-06-25 12:30:00,543.6099853515625,543.7000122070312,542.4400024414062,543.6900024414062,543.6900024414062,5204435
2024-06-25 13:30:00,543.6900024414062,544.8699951171875,543.4299926757812,544.8460083007812,544.8460083007812,3391128
2024-06-25 14:30:00,544.8400268554688,545.1199951171875,543.7999877929688,545.1199951171875,545.1199951171875,4714370
2024-06-25 15:30:00,545.1199951171875,545.2000122070312,544.1699829101562,544.7899780273438,544.7899780273438,5283041
2024-06-26 09:30:00,543.6900024414062,544.7999877929688,543.1699829101562,543.8049926757812,543.8049926757812,5704495
2024-06-26 10:30:00,543.7999877929688,544.5599975585938,543.030029296875,543.9600219726562,543.9600219726562,4044970
2024-06-26 11:30:00,543.9500122070312,545.4500122070312,543.655029296875,545.1900024414062,545.1900024414062,3693924
2024-06-26 12:30:00,545.1799926757812,545.3400268554688,544.010009765625,544.510009765625,544.510009765625,4414298
2024-06-26 13:30:00,544.530029296875,544.9400024414062,544.27001953125,544.7349853515625,544.7349853515625,2318177
2024-06-26 14:30:00,544.739990234375,545.114990234375,544.1300048828125,544.6397705078125,544.6397705078125,2516545
2024-06-26 15:30:00,544.6300048828125,546.239990234375,544.4500122070312,545.530029296875,545.530029296875,7600247
2024-06-27 09:30:00,545.3699951171875,546.9600219726562,545.1400146484375,546.530029296875,546.530029296875,5923547
2024-06-27 10:30:00,546.530029296875,546.8099975585938,544.9199829101562,545.2899780273438,545.2899780273438,3554510
2024-06-27 11:30:00,545.2750244140625,546.02001953125,544.6699829101562,545.8599853515625,545.8599853515625,4866462
2024-06-27 12:30:00,545.8499755859375,546.3400268554688,545.6119995117188,546.3049926757812,546.3049926757812,2430191
2024-06-27 13:30:00,546.3099975585938,546.4299926757812,544.6400146484375,544.77001953125,544.77001953125,2610777
2024-06-27 14:30:00,544.780029296875,545.8099975585938,544.6099853515625,545.7650146484375,545.7650146484375,3333082
2024-06-27 15:30:00,545.760009765625,546.4000244140625,545.1799926757812,546.3400268554688,546.3400268554688,6290414
2024-06-28 09:30:00,547.1599731445312,550.280029296875,546.6699829101562,549.5256958007812,549.5256958007812,9440369
2024-06-28 10:30:00,549.52001953125,550.0700073242188,547.25,547.7301025390625,547.7301025390625,5936989
2024-06-28 11:30:00,547.739990234375,548.27001953125,546.2100219726562,546.969970703125,546.969970703125,3848642
2024-06-28 12:30:00,546.969970703125,547.1300048828125,545.489990234375,546.280029296875,546.280029296875,6035307
2024-06-28 13:30:00,546.280029296875,546.5800170898438,545.239990234375,545.3900146484375,545.3900146484375,4708406
2024-06-28 14:30:00,545.4000244140625,545.6500244140625,544.5800170898438,544.780029296875,544.780029296875,10085163
2024-06-28 15:30:00,544.7999877929688,545.469970703125,542.9500122070312,544.0900268554688,544.0900268554688,19595265
2024-07-01 09:30:00,545.6300048828125,545.8599243164062,542.5999755859375,544.3300170898438,544.3300170898438,10768619
2024-07-01 10:30:00,544.3300170898438,544.4000244140625,542.52001953125,544.219970703125,544.219970703125,3885401
2024-07-01 11:30:00,544.2100219726562,545.25,543.6500244140625,545.2100219726562,545.2100219726562,3718818
2024-07-01 12:30:00,545.22998046875,545.3699951171875,544.5999755859375,545.0499877929688,545.0499877929688,2393909
2024-07-01 13:30:00,545.0499877929688,545.6699829101562,544.5499877929688,544.7999877929688,544.7999877929688,2395705
2024-07-01 14:30:00,544.7999877929688,545.1500244140625,543.8200073242188,544.3300170898438,544.3300170898438,2825621
2024-07-01 15:30:00,544.3499755859375,545.8800048828125,544.2894897460938,545.3699951171875,545.3699951171875,6255295
2024-07-02 09:30:00,543.7000122070312,545.7100219726562,543.6500244140625,545.3300170898438,545.3300170898438,6558371
2024-07-02 10:30:00,545.3300170898438,546.0999755859375,545.0999755859375,546.0599975585938,546.0599975585938,3144084
2024-07-02 11:30:00,546.0599975585938,546.510009765625,545.1199951171875,545.8350219726562,545.8350219726562,3257574
2024-07-02 12:30:00,545.8400268554688,546.9199829101562,545.6099853515625,546.6594848632812,546.6594848632812,3199256
2024-07-02 13:30:00,546.6599731445312,547.8800048828125,546.4501953125,547.7249755859375,547.7249755859375,3072694
2024-07-02 14:30:00,547.72998046875,548.0800170898438,547.47998046875,547.9749755859375,547.9749755859375,5477341
2024-07-02 15:30:00,548.0,548.97998046875,547.8300170898438,548.969970703125,548.969970703125,8342306
2024-07-03 09:30:00,548.6900024414062,550.1099853515625,548.6500244140625,549.1799926757812,549.1799926757812,6774665
2024-07-03 10:30:00,549.1599731445312,550.489990234375,549.0900268554688,550.030029296875,550.030029296875,4688661
2024-07-03 11:30:00,550.030029296875,551.1849975585938,549.8701171875,551.139892578125,551.139892578125,5909135
2024-07-05 09:30:00,551.77001953125,552.7750244140625,551.1199951171875,552.094970703125,552.094970703125,6477354
2024-07-05 10:30:00,552.0999755859375,553.1400146484375,551.7979736328125,552.9099731445312,552.9099731445312,4223393
2024-07-05 11:30:00,552.8900146484375,553.760009765625,552.8629150390625,553.6099853515625,553.6099853515625,2877165
2024-07-05 12:30:00,553.5999755859375,553.9860229492188,553.0999755859375,553.8648071289062,553.8648071289062,3090955
2024-07-05 13:30:00,553.9000244140625,554.52001953125,553.8400268554688,554.0399780273438,554.0399780273438,3557626
2024-07-05 14:30:00,554.0399780273438,554.6099853515625,553.8599853515625,554.3499755859375,554.3499755859375,5538042
2024-07-05 15:30:00,554.3499755859375,555.0499877929688,554.25,554.7000122070312,554.7000122070312,8242274
2024-07-08 09:30:00,555.4400024414062,556.2501220703125,555.1599731445312,555.49169921875,555.49169921875,5553110
2024-07-08 10:30:00,555.489990234375,555.5700073242188,554.9099731445312,555.3699951171875,555.3699951171875,3008857
2024-07-08 11:30:00,555.3599853515625,555.4500122070312,554.2949829101562,554.5850219726562,554.5850219726562,2874923
2024-07-08 12:30:00,554.5800170898438,554.9199829101562,554.469970703125,554.9000244140625,554.9000244140625,1960915
2024-07-08 13:30:00,554.9099731445312,555.3699951171875,554.8900146484375,555.219970703125,555.219970703125,1851568
2024-07-08 14:30:00,555.22998046875,555.22998046875,554.1900024414062,554.6190185546875,554.6190185546875,2529125
2024-07-08 15:30:00,554.5999755859375,555.5599975585938,554.5100708007812,555.3400268554688,555.3400268554688,8031607
2024-07-09 09:30:00,556.260009765625,556.8963012695312,555.6699829101562,556.02001953125,556.02001953125,4925845
2024-07-09 10:30:00,556.010009765625,556.9099731445312,555.719970703125,556.0499877929688,556.0499877929688,3188558
2024-07-09 11:30:00,556.0499877929688,556.801513671875,555.8400268554688,556.6900024414062,556.6900024414062,2125455
2024-07-09 12:30:00,556.6799926757812,557.1799926757812,555.7301025390625,556.0,556.0,3399760
2024-07-09 13:30:00,556.0,556.3400268554688,555.719970703125,555.7449951171875,555.7449951171875,2670299
2024-07-09 14:30:00,555.75,556.1799926757812,555.52001953125,555.7849731445312,555.7849731445312,2834639
2024-07-09 15:30:00,555.780029296875,556.0800170898438,555.5599975585938,555.8499755859375,555.8499755859375,4655100
2024-07-10 09:30:00,557.0700073242188,557.75,556.7899780273438,557.3599853515625,557.3599853515625,5299133
2024-07-10 10:30:00,557.3400268554688,557.7000122070312,556.77001953125,557.6799926757812,557.6799926757812,2682377
2024-07-10 11:30:00,557.6799926757812,559.0399780273438,557.6699829101562,558.9400024414062,558.9400024414062,4474642
2024-07-10 12:30:00,558.9299926757812,559.75,558.6699829101562,559.3701171875,559.3701171875,3571501
2024-07-10 13:30:00,559.3499755859375,559.8699951171875,559.2100219726562,559.5599975585938,559.5599975585938,3063457
2024-07-10 14:30:00,559.5700073242188,560.219970703125,559.52001953125,560.0700073242188,560.0700073242188,4176517
2024-07-10 15:30:00,560.0700073242188,561.6699829101562,559.9650268554688,561.260009765625,561.260009765625,8415208
2024-07-11 09:30:00,561.4400024414062,562.3300170898438,559.2899780273438,559.77001953125,559.77001953125,10987765
2024-07-11 10:30:00,559.760009765625,560.3699951171875,557.1099853515625,557.3200073242188,557.3200073242188,5945018
2024-07-11 11:30:00,557.3200073242188,557.5900268554688,556.1799926757812,557.2050170898438,557.2050170898438,5969436
2024-07-11 12:30:00,557.2098999023438,557.77001953125,555.8800048828125,557.0800170898438,557.0800170898438,4159995
2024-07-11 13:30:00,557.0900268554688,557.0900268554688,555.8300170898438,556.25,556.25,3413299
2024-07-11 14:30:00,556.2899780273438,557.489990234375,556.1900024414062,556.5579833984375,556.5579833984375,4778361
2024-07-11 15:30:00,556.5599975585938,557.5700073242188,556.4000244140625,556.4199829101562,556.4199829101562,10326962
2024-07-12 09:30:00,557.6300048828125,559.8599853515625,557.1500244140625,559.780029296875,559.780029296875,8056066
2024-07-12 10:30:00,559.780029296875,561.72998046875,559.6799926757812,561.7205200195312,561.7205200195312,6205261
2024-07-12 11:30:00,561.7100219726562,561.760009765625,560.1300048828125,560.6400146484375,560.6400146484375,3585984
2024-07-12 12:30:00,560.6300048828125,562.4299926757812,560.4400024414062,562.4299926757812,562.4299926757812,4013536
2024-07-12 13:30:00,562.4249877929688,563.6699829101562,562.22998046875,562.9949951171875,562.9949951171875,5206576
2024-07-12 14:30:00,563.0,563.2949829101562,562.5599975585938,562.8200073242188,562.8200073242188,4062451
2024-07-12 15:30:00,562.8200073242188,562.8200073242188,558.9500122070312,559.9000244140625,559.9000244140625,12466985
2024-07-15 09:30:00,562.030029296875,562.8300170898438,561.3900146484375,562.7000122070312,562.7000122070312,7516929
2024-07-15 10:30:00,562.7000122070312,564.8370971679688,562.6588745117188,563.719970703125,563.719970703125,4428783
2024-07-15 11:30:00,563.72998046875,564.1500244140625,562.1400146484375,562.8900146484375,562.8900146484375,3875212
2024-07-15 12:30:00,562.8800048828125,563.1799926757812,561.3599853515625,561.6699829101562,561.6699829101562,3202144
2024-07-15 13:30:00,561.6199951171875,561.8499755859375,560.7100219726562,561.8101196289062,561.8101196289062,2822803
2024-07-15 14:30:00,561.8099975585938,562.5599975585938,561.6400146484375,562.0698852539062,562.0698852539062,3368310
2024-07-15 15:30:00,562.0700073242188,562.2849731445312,559.6300048828125,561.489990234375,561.489990234375,8773715
2024-07-16 09:30:00,562.864990234375,563.6099853515625,562.0999755859375,562.6599731445312,562.6599731445312,6784101
2024-07-16 10:30:00,562.7598876953125,564.469970703125,562.4199829101562,563.5399780273438,563.5399780273438,3770100
2024-07-16 11:30:00,563.530029296875,563.5900268554688,562.22998046875,562.6400146484375,562.6400146484375,2497390
2024-07-16 12:30:00,562.6099853515625,563.5900268554688,562.2899780273438,562.739990234375,562.739990234375,2735468
2024-07-16 13:30:00,562.7100219726562,563.5900268554688,562.47998046875,563.3900146484375,563.3900146484375,2991534
2024-07-16 14:30:00,563.3800048828125,564.60009765625,563.280029296875,564.4249877929688,564.4249877929688,4938564
2024-07-16 15:30:00,564.4299926757812,565.1599731445312,564.0098876953125,564.844970703125,564.844970703125,7670156
2024-07-17 09:30:00,559.25,560.510009765625,557.909912109375,558.6900024414062,558.6900024414062,11790838
2024-07-17 10:30:00,558.6799926757812,559.10498046875,557.8099975585938,558.5999145507812,558.5999145507812,5303361
2024-07-17 11:30:00,558.60498046875,558.6699829101562,557.2899780273438,557.369873046875,557.369873046875,3975210
2024-07-17 12:30:00,557.3499755859375,558.0399780273438,556.6099853515625,557.3800048828125,557.3800048828125,4714942
2024-07-17 13:30:00,557.3701782226562,558.1500244140625,556.8400268554688,558.0399780273438,558.0399780273438,4509306
2024-07-17 14:30:00,558.0399780273438,558.375,557.0399780273438,558.0700073242188,558.0700073242188,5054225
2024-07-17 15:30:00,558.0599975585938,558.280029296875,556.9500122070312,556.9500122070312,556.9500122070312,10406212
2024-07-18 09:30:00,558.510009765625,559.52001953125,557.7050170898438,558.8400268554688,558.8400268554688,8231861
2024-07-18 10:30:00,558.8300170898438,558.8300170898438,553.780029296875,553.8104858398438,553.8104858398438,8250570
2024-07-18 11:30:00,553.7999877929688,554.3800048828125,552.3800048828125,552.9199829101562,552.9199829101562,6280173
2024-07-18 12:30:00,552.8800048828125,554.9450073242188,552.6900024414062,554.3699951171875,554.3699951171875,3450558
2024-07-18 13:30:00,554.3699951171875,554.8099975585938,552.5700073242188,552.5800170898438,552.5800170898438,3535604
2024-07-18 14:30:00,552.4249877929688,552.8699951171875,550.4299926757812,551.4500122070312,551.4500122070312,8300330
2024-07-18 15:30:00,551.4400024414062,553.8499755859375,551.1400146484375,552.6599731445312,552.6599731445312,11015885
2024-07-19 09:30:00,552.4199829101562,554.0800170898438,551.0399780273438,551.1099853515625,551.1099853515625,8626059
2024-07-19 10:30:00,551.1300048828125,551.989990234375,549.594970703125,549.64501953125,549.64501953125,4737321
2024-07-19 11:30:00,549.6478271484375,551.489990234375,549.2172241210938,550.0700073242188,550.0700073242188,13298825
2024-07-19 12:30:00,550.0700073242188,550.1900024414062,547.9099731445312,548.5900268554688,548.5900268554688,5500481
2024-07-19 13:30:00,548.5700073242188,549.7160034179688,548.0900268554688,548.6900024414062,548.6900024414062,4201573
2024-07-19 14:30:00,548.7000122070312,550.4600219726562,548.02001953125,549.989990234375,549.989990234375,8040360
2024-07-19 15:30:00,549.989990234375,550.0800170898438,548.1400146484375,548.9500122070312,548.9500122070312,10617936
2024-07-22 09:30:00,553.0,554.4100952148438,551.3400268554688,553.2000122070312,553.2000122070312,9580954
2024-07-22 10:30:00,553.2100219726562,554.4600219726562,551.6998901367188,551.739990234375,551.739990234375,5337648
2024-07-22 11:30:00,551.75,552.4199829101562,551.02001953125,552.14501953125,552.14501953125,3534249
2024-07-22 12:30:00,552.1099853515625,554.3900146484375,551.8004150390625,554.135009765625,554.135009765625,2994151
2024-07-22 13:30:00,554.1400146484375,555.0800170898438,554.0999755859375,554.5800170898438,554.5800170898438,3511091
2024-07-22 14:30:00,554.5750122070312,555.27001953125,554.155029296875,554.52001953125,554.52001953125,3598136
2024-07-22 15:30:00,554.510009765625,555.1400146484375,554.3300170898438,554.6500244140625,554.6500244140625,6511374
2024-07-23 09:30:00,554.5399780273438,556.4099731445312,554.1300048828125,556.0001220703125,556.0001220703125,5932413
2024-07-23 10:30:00,556.02001953125,556.7349853515625,554.280029296875,556.4299926757812,556.4299926757812,4101597
2024-07-23 11:30:00,556.4254760742188,556.6500244140625,554.530029296875,555.0651245117188,555.0651245117188,2800687
2024-07-23 12:30:00,555.0599975585938,555.1500244140625,554.1799926757812,554.760009765625,554.760009765625,4090280
2024-07-23 13:30:00,554.72998046875,555.5499877929688,554.27001953125,554.8886108398438,554.8886108398438,2309908
2024-07-23 14:30:00,554.9000244140625,555.3900146484375,554.75,555.2100219726562,555.2100219726562,2197232
2024-07-23 15:30:00,555.1699829101562,555.1799926757812,553.2750244140625,553.72998046875,553.72998046875,6783560
2024-07-24 09:30:00,548.8599853515625,549.1699829101562,545.4349975585938,546.0399780273438,546.0399780273438,11976984
2024-07-24 10:30:00,546.030029296875,546.1900024414062,544.1900024414062,544.739990234375,544.739990234375,6683031
2024-07-24 11:30:00,544.760009765625,545.280029296875,543.8900146484375,544.1995239257812,544.1995239257812,4671278
2024-07-24 12:30:00,544.2689819335938,545.030029296875,543.6300048828125,544.3040161132812,544.3040161132812,5188485
2024-07-24 13:30:00,544.2849731445312,544.9500122070312,543.1799926757812,543.3599853515625,543.3599853515625,4494870
2024-07-24 14:30:00,543.35498046875,543.589599609375,541.489990234375,541.6500244140625,541.6500244140625,9631294
2024-07-24 15:30:00,541.655029296875,542.9000244140625,540.2899780273438,541.2100219726562,541.2100219726562,16010792
2024-07-25 09:30:00,541.3499755859375,541.6199951171875,537.4500122070312,540.5999755859375,540.5999755859375,12824669
2024-07-25 10:30:00,540.5800170898438,544.6296997070312,540.02001953125,543.22998046875,543.22998046875,7899285
2024-07-25 11:30:00,543.219970703125,546.3800048828125,542.4000244140625,546.1500244140625,546.1500244140625,5163022
2024-07-25 12:30:00,546.1799926757812,547.4550170898438,544.4605102539062,544.719970703125,544.719970703125,5362837
2024-07-25 13:30:00,544.719970703125,545.0999755859375,542.530029296875,542.969970703125,542.969970703125,4399882
2024-07-25 14:30:00,542.9500122070312,543.6799926757812,540.52001953125,543.1400146484375,543.1400146484375,7501788
2024-07-25 15:30:00,543.1300048828125,543.3099975585938,538.1300048828125,538.3400268554688,538.3400268554688,10394986
2024-07-26 09:30:00,542.280029296875,544.6300048828125,541.489990234375,543.6309204101562,543.6309204101562,9842268
2024-07-26 10:30:00,543.6300048828125,544.030029296875,541.6699829101562,543.2100219726562,543.2100219726562,5445711
2024-07-26 11:30:00,543.2100219726562,546.02001953125,542.8889770507812,545.5712280273438,545.5712280273438,7755037
2024-07-26 12:30:00,545.5700073242188,547.1900024414062,545.2999877929688,547.0499877929688,547.0499877929688,3270563
2024-07-26 13:30:00,547.0499877929688,547.1300048828125,544.010009765625,544.489990234375,544.489990234375,6334187
2024-07-26 14:30:00,544.510009765625,545.0700073242188,543.030029296875,544.760009765625,544.760009765625,0
2024-07-26 15:30:00,544.75,544.8400268554688,542.7249755859375,544.3800048828125,544.3800048828125,46246282
2024-07-29 09:30:00,546.02001953125,547.0399780273438,544.75,545.3699951171875,545.3699951171875,8329658
2024-07-29 10:30:00,545.3900146484375,545.6500244140625,543.3499755859375,544.1500244140625,544.1500244140625,4972352
2024-07-29 11:30:00,544.1500244140625,546.780029296875,542.719970703125,545.9962768554688,545.9962768554688,3842651
2024-07-29 12:30:00,546.0,547.0499877929688,545.2999877929688,545.3099975585938,545.3099975585938,2557957
2024-07-29 13:30:00,545.3200073242188,545.989990234375,544.5900268554688,544.9600219726562,544.9600219726562,2466952
2024-07-29 14:30:00,544.9400024414062,545.64501953125,544.4600219726562,545.4299926757812,545.4299926757812,3007235
2024-07-29 15:30:00,545.4299926757812,546.0499877929688,544.52001953125,544.760009765625,544.760009765625,6371515
2024-07-30 09:30:00,546.260009765625,547.3400268554688,544.780029296875,544.9600219726562,544.9600219726562,7504304
2024-07-30 10:30:00,544.97998046875,545.0800170898438,541.2135009765625,542.1400146484375,542.1400146484375,6578602
2024-07-30 11:30:00,542.1199951171875,542.3900146484375,540.0999755859375,540.8099975585938,540.8099975585938,4738584
2024-07-30 12:30:00,540.8099975585938,541.1500244140625,538.5150146484375,540.5125732421875,540.5125732421875,4459098
2024-07-30 13:30:00,540.5,542.6599731445312,540.1900024414062,541.9351196289062,541.9351196289062,3811063
2024-07-30 14:30:00,541.9099731445312,542.219970703125,540.77001953125,541.719970703125,541.719970703125,3851350
2024-07-30 15:30:00,541.7100219726562,543.655029296875,541.25,541.9099731445312,541.9099731445312,8810410
2024-07-31 09:30:00,548.97998046875,550.5499877929688,547.5798950195312,550.2999877929688,550.2999877929688,10236612
2024-07-31 10:30:00,550.2899780273438,551.280029296875,549.6199951171875,551.1199951171875,551.1199951171875,4619368
2024-07-31 11:30:00,551.1199951171875,551.7100219726562,550.280029296875,550.5100708007812,550.5100708007812,3353576
2024-07-31 12:30:00,550.5,550.97998046875,549.9199829101562,550.338623046875,550.338623046875,4039165
2024-07-31 13:30:00,550.3300170898438,551.3049926757812,548.6599731445312,550.9550170898438,550.9550170898438,5407430
2024-07-31 14:30:00,550.9600219726562,553.5,549.22998046875,549.6799926757812,549.6799926757812,12032711
2024-07-31 15:30:00,549.6599731445312,552.2667846679688,549.280029296875,550.4299926757812,550.4299926757812,15135770
2024-08-01 09:30:00,552.5700073242188,554.8687744140625,549.8099975585938,549.830078125,549.830078125,11895611
2024-08-01 10:30:00,549.8699951171875,550.25,546.0,546.1699829101562,546.1699829101562,8288522
2024-08-01 11:30:00,546.1099853515625,546.5800170898438,544.1699829101562,545.030029296875,545.030029296875,7656258
2024-08-01 12:30:00,545.0499877929688,545.0499877929688,541.8200073242188,542.2999877929688,542.2999877929688,0
2024-08-01 13:30:00,542.2999877929688,542.859619140625,539.8198852539062,540.260009765625,540.260009765625,43649411
2024-08-01 14:30:00,540.239990234375,541.7000122070312,539.4299926757812,541.469970703125,541.469970703125,7814437
2024-08-01 15:30:00,541.4600219726562,543.469970703125,541.1599731445312,543.0399780273438,543.0399780273438,13590112
2024-08-02 09:30:00,535.75,536.989990234375,529.5900268554688,530.47998046875,530.47998046875,20376913
2024-08-02 10:30:00,530.47998046875,531.5,528.5999755859375,529.4199829101562,529.4199829101562,11037405
2024-08-02 11:30:00,529.4299926757812,533.2100219726562,529.2000122070312,532.719970703125,532.719970703125,10348217
2024-08-02 12:30:00,532.7000122070312,533.52001953125,530.510009765625,530.5800170898438,530.5800170898438,6167133
2024-08-02 13:30:00,530.5700073242188,531.780029296875,529.5399780273438,531.75,531.75,5934159
2024-08-02 14:30:00,531.72998046875,532.6179809570312,530.6300048828125,532.3200073242188,532.3200073242188,6697640
2024-08-02 15:30:00,532.3499755859375,533.1699829101562,530.52001953125,532.989990234375,532.989990234375,12026320
2024-08-05 09:30:00,511.0,520.9299926757812,510.67999267578125,514.6400146484375,514.6400146484375,46359416
2024-08-05 10:30:00,514.6699829101562,521.0,514.6199951171875,519.6799926757812,519.6799926757812,13547487
2024-08-05 11:30:00,519.6749877929688,523.5800170898438,519.0999755859375,523.5700073242188,523.5700073242188,10599758
2024-08-05 12:30:00,523.5499877929688,523.5499877929688,518.25,519.6599731445312,519.6599731445312,10033675
2024-08-05 13:30:00,519.6400146484375,520.8800048828125,517.72998046875,518.9500122070312,518.9500122070312,8016406
2024-08-05 14:30:00,518.9099731445312,519.4000244140625,515.3300170898438,516.4299926757812,516.4299926757812,11457008
2024-08-05 15:30:00,516.4849853515625,517.75,514.8800048828125,517.4099731445312,517.4099731445312,23130187
2024-08-06 09:30:00,519.219970703125,524.2899780273438,517.8699951171875,522.9299926757812,522.9299926757812,17331704
2024-08-06 10:30:00,523.0,526.510009765625,522.1500244140625,522.4199829101562,522.4199829101562,8535031
2024-08-06 11:30:00,522.4600219726562,526.9550170898438,522.4099731445312,525.97998046875,525.97998046875,5935765
2024-08-06 12:30:00,526.02001953125,528.1561279296875,525.510009765625,527.85009765625,527.85009765625,5165523
2024-08-06 13:30:00,527.8800048828125,528.9099731445312,526.9000244140625,528.8903198242188,528.8903198242188,6679981
2024-08-06 14:30:00,528.9000244140625,529.75,525.010009765625,526.7203979492188,526.7203979492188,9526825
2024-08-06 15:30:00,526.75,527.030029296875,521.969970703125,522.1900024414062,522.1900024414062,16469955
2024-08-07 09:30:00,528.469970703125,531.5900268554688,527.9500122070312,528.75,528.75,12462130
2024-08-07 10:30:00,528.780029296875,531.1500244140625,528.4600219726562,529.510009765625,529.510009765625,5690523
2024-08-07 11:30:00,529.5499877929688,530.0,525.8200073242188,527.6599731445312,527.6599731445312,5300276
2024-08-07 12:30:00,527.6599731445312,527.8200073242188,522.2899780273438,523.6500244140625,523.6500244140625,7464716
2024-08-07 13:30:00,523.6400146484375,524.9899291992188,519.4349975585938,520.6599731445312,520.6599731445312,9642084
2024-08-07 14:30:00,520.6500244140625,522.0999755859375,518.8300170898438,521.0700073242188,521.0700073242188,9077928
2024-08-07 15:30:00,521.0399780273438,521.7899780273438,518.0518798828125,518.6500244140625,518.6500244140625,10586185
2024-08-08 09:30:00,523.9099731445312,527.989990234375,521.8400268554688,527.8699951171875,527.8699951171875,14881525
2024-08-08 10:30:00,527.8200073242188,528.47998046875,526.405029296875,527.8200073242188,527.8200073242188,6216281
2024-08-08 11:30:00,527.8099975585938,529.0161743164062,526.8499755859375,528.3905029296875,528.3905029296875,4473111
2024-08-08 12:30:00,527.8300170898438,529.97998046875,526.6500244140625,529.9500122070312,529.9500122070312,5635581
2024-08-08 13:30:00,529.9600219726562,531.2899780273438,529.6900024414062,530.3499755859375,530.3499755859375,5416062
2024-08-08 14:30:00,530.3599853515625,530.9099731445312,529.030029296875,529.3099975585938,529.3099975585938,5697553
2024-08-08 15:30:00,529.3200073242188,531.030029296875,528.2000122070312,530.6300048828125,530.6300048828125,11530566
2024-08-09 09:30:00,529.8099975585938,531.8099975585938,528.5599975585938,530.6099853515625,530.6099853515625,10172724
2024-08-09 10:30:00,530.6500244140625,532.64990234375,529.3800048828125,530.8400268554688,530.8400268554688,5228287
2024-08-09 11:30:00,530.9000244140625,531.8400268554688,529.7999877929688,530.2999877929688,530.2999877929688,3891265
2024-08-09 12:30:00,530.2899780273438,534.1400146484375,530.22998046875,534.1199951171875,534.1199951171875,3739542
2024-08-09 13:30:00,534.1300048828125,534.510009765625,531.6900024414062,532.02001953125,532.02001953125,4963381
2024-08-09 14:30:00,532.010009765625,533.1599731445312,531.469970703125,532.72998046875,532.72998046875,4672061
2024-08-09 15:30:00,532.739990234375,533.4099731445312,532.0599975585938,532.9099731445312,532.9099731445312,6570541
